25 154
0 13
1 8
2 13
3 0
3 1
3 6
3 8
3 13
3 17
3 20
3 21
4 0
4 1
4 6
4 8
4 13
4 17
4 20
4 21
5 1
5 8
5 9
5 15
5 18
7 0
7 1
7 3
7 4
7 5
7 6
7 8
7 9
7 11
7 12
7 13
7 15
7 17
7 18
7 19
7 20
7 21
7 22
7 23
9 8
11 0
11 1
11 3
11 5
11 6
11 8
11 9
11 12
11 13
11 15
11 17
11 18
11 19
11 20
11 21
11 22
11 23
12 0
12 1
12 6
12 8
12 9
12 13
12 15
12 18
14 0
14 1
14 2
14 3
14 4
14 5
14 6
14 8
14 9
14 12
14 13
14 15
14 17
14 18
14 19
14 20
14 21
14 23
15 1
15 8
15 9
15 18
16 2
16 13
16 17
17 13
18 1
18 8
18 9
19 0
19 1
19 6
19 8
19 13
19 17
20 0
20 6
20 13
20 17
21 13
21 17
22 0
22 1
22 5
22 6
22 8
22 9
22 12
22 13
22 15
22 17
22 18
22 19
22 20
22 21
23 0
23 1
23 3
23 6
23 8
23 9
23 12
23 13
23 15
23 17
23 18
23 19
23 20
23 21
24 0
24 1
24 2
24 3
24 4
24 6
24 8
24 9
24 13
24 15
24 16
24 17
24 18
24 19
24 20
24 21
