45 528
1 6
1 7
1 11
1 14
1 15
1 19
1 23
1 33
1 34
1 40
2 3
2 4
2 5
2 6
2 7
2 8
2 9
2 11
2 12
2 13
2 14
2 15
2 17
2 18
2 19
2 22
2 23
2 24
2 25
2 28
2 30
2 32
2 34
2 36
2 37
2 40
2 41
2 42
2 43
2 44
2 45
3 11
4 3
4 6
4 7
4 9
4 11
4 14
4 17
4 19
4 28
4 32
4 37
4 40
4 42
4 45
5 3
5 6
5 7
5 8
5 11
5 14
5 17
5 19
5 25
5 28
5 37
5 40
6 14
6 19
7 11
8 3
8 6
8 7
8 11
8 14
8 17
8 19
8 37
8 40
9 3
9 7
9 11
9 28
9 37
9 45
10 11
10 28
10 41
12 3
12 4
12 5
12 6
12 7
12 8
12 9
12 11
12 14
12 15
12 17
12 18
12 19
12 22
12 25
12 28
12 32
12 36
12 37
12 40
12 41
12 42
12 45
13 3
13 4
13 5
13 6
13 7
13 8
13 9
13 11
13 14
13 15
13 17
13 18
13 19
13 24
13 25
13 28
13 32
13 34
13 36
13 37
13 40
13 41
13 42
13 45
15 6
15 14
15 19
16 2
16 3
16 4
16 5
16 6
16 7
16 8
16 9
16 11
16 12
16 13
16 14
16 15
16 17
16 18
16 19
16 20
16 22
16 23
16 24
16 25
16 26
16 28
16 29
16 30
16 31
16 32
16 34
16 35
16 36
16 37
16 39
16 40
16 41
16 42
16 43
16 44
16 45
17 3
17 7
17 11
17 19
17 37
18 3
18 7
18 9
18 11
18 17
18 19
18 28
18 37
18 41
18 42
18 45
20 3
20 4
20 6
20 7
20 9
20 11
20 14
20 17
20 18
20 19
20 22
20 26
20 28
20 29
20 32
20 37
20 39
20 40
20 41
20 42
20 43
20 45
21 3
21 7
21 9
21 10
21 11
21 14
21 17
21 18
21 19
21 26
21 28
21 29
21 32
21 35
21 37
21 40
21 41
21 42
21 43
21 45
22 3
22 6
22 7
22 9
22 11
22 14
22 17
22 18
22 19
22 28
22 32
22 37
22 40
22 41
22 42
22 45
23 6
23 7
23 11
23 14
23 15
23 19
23 34
24 3
24 6
24 7
24 8
24 11
24 14
24 15
24 17
24 19
24 25
24 37
24 40
25 3
25 6
25 7
25 11
25 14
25 19
25 40
26 3
26 7
26 9
26 11
26 14
26 17
26 18
26 19
26 28
26 37
26 41
26 42
26 43
26 45
27 3
27 4
27 5
27 6
27 7
27 8
27 9
27 11
27 12
27 13
27 14
27 15
27 17
27 18
27 19
27 20
27 22
27 23
27 24
27 25
27 26
27 28
27 29
27 30
27 32
27 34
27 35
27 36
27 37
27 39
27 40
27 41
27 42
27 43
27 44
27 45
28 11
29 3
29 7
29 9
29 11
29 17
29 18
29 19
29 28
29 37
29 41
29 42
29 45
30 3
30 5
30 6
30 7
30 8
30 11
30 14
30 15
30 17
30 19
30 24
30 25
30 28
30 34
30 37
30 40
30 42
31 3
31 4
31 5
31 6
31 7
31 8
31 9
31 11
31 12
31 13
31 14
31 15
31 17
31 18
31 19
31 20
31 22
31 23
31 24
31 25
31 26
31 28
31 29
31 30
31 32
31 34
31 35
31 36
31 37
31 39
31 40
31 41
31 42
31 43
31 44
31 45
32 3
32 7
32 11
32 14
32 17
32 19
32 28
32 37
32 42
32 45
33 6
33 14
33 15
33 19
34 6
34 14
34 15
34 19
35 3
35 7
35 9
35 11
35 17
35 19
35 28
35 37
35 41
35 45
36 3
36 4
36 5
36 6
36 7
36 8
36 9
36 11
36 14
36 15
36 17
36 19
36 25
36 28
36 32
36 37
36 40
36 41
36 42
36 45
37 11
38 3
38 6
38 7
38 8
38 11
38 14
38 15
38 17
38 19
38 23
38 25
38 33
38 34
38 37
38 40
39 3
39 6
39 7
39 9
39 11
39 14
39 17
39 18
39 19
39 22
39 26
39 28
39 29
39 32
39 37
39 40
39 41
39 42
39 43
39 45
40 7
40 11
40 14
40 19
41 11
42 3
42 7
42 11
42 17
42 19
42 28
42 37
43 3
43 7
43 9
43 11
43 17
43 18
43 19
43 28
43 37
43 41
43 42
43 45
44 3
44 4
44 5
44 6
44 7
44 8
44 9
44 11
44 12
44 14
44 15
44 17
44 18
44 19
44 22
44 25
44 28
44 32
44 36
44 37
44 40
44 41
44 42
44 43
44 45
45 11
45 28
