25 154
1 3
1 4
1 5
1 6
1 7
1 8
1 9
1 10
1 12
1 13
1 14
1 15
1 16
1 17
1 18
1 20
2 3
2 4
2 5
2 6
2 10
2 12
2 13
2 15
2 16
2 17
2 18
2 20
4 13
4 18
4 20
5 17
5 18
5 20
6 13
6 20
7 3
7 8
7 9
7 10
7 13
7 15
7 20
8 3
8 9
8 10
9 3
10 3
11 20
12 3
12 4
12 5
12 6
12 10
12 13
12 15
12 17
12 18
12 20
13 20
14 3
14 4
14 5
14 6
14 10
14 12
14 13
14 15
14 17
14 18
14 20
15 13
15 20
16 3
16 4
16 5
16 6
16 10
16 12
16 13
16 15
16 17
16 18
16 20
17 20
18 20
19 1
19 2
19 3
19 4
19 5
19 6
19 7
19 8
19 9
19 10
19 12
19 13
19 14
19 15
19 16
19 17
19 18
19 20
19 25
21 3
21 7
21 8
21 9
21 10
21 13
21 15
21 20
21 25
22 4
22 5
22 6
22 13
22 17
22 18
22 20
23 3
23 4
23 5
23 6
23 7
23 8
23 9
23 10
23 12
23 13
23 14
23 15
23 16
23 17
23 18
23 20
23 21
23 25
24 3
24 4
24 6
24 7
24 8
24 9
24 10
24 13
24 15
24 18
24 20
24 21
24 25
25 3
25 9
