20 114
1 3
1 4
1 5
1 8
1 13
1 14
1 15
1 16
1 18
1 19
1 20
2 3
2 5
2 9
2 11
2 13
2 14
2 15
2 16
2 17
2 18
2 19
2 20
4 3
4 5
4 8
4 13
4 14
4 15
4 16
4 18
4 19
4 20
5 15
5 16
5 18
5 19
6 3
6 5
6 9
6 13
6 14
6 15
6 16
6 18
6 19
6 20
7 3
7 5
7 6
7 9
7 13
7 14
7 15
7 16
7 17
7 18
7 19
7 20
8 18
8 19
9 3
9 14
9 15
9 16
9 18
9 19
9 20
10 3
10 15
11 3
11 5
11 13
11 14
11 15
11 16
11 17
11 18
11 19
11 20
12 3
12 5
12 6
12 9
12 13
12 14
12 15
12 16
12 17
12 18
12 19
12 20
13 5
13 14
13 15
13 16
13 18
13 19
13 20
14 15
14 18
14 19
16 18
16 19
17 3
17 5
17 13
17 14
17 15
17 16
17 18
17 19
17 20
20 15
