45 225
2 1
2 9
2 10
2 11
2 19
2 20
2 25
3 1
3 6
3 9
3 10
3 11
3 25
3 26
4 1
4 9
4 10
4 11
4 20
4 25
5 1
5 2
5 3
5 4
5 6
5 8
5 9
5 10
5 11
5 13
5 14
5 17
5 19
5 20
5 25
5 26
5 27
5 28
7 1
7 9
7 10
7 18
7 21
7 25
8 1
8 9
8 10
8 11
8 19
8 20
8 25
10 25
11 1
11 9
11 10
11 25
12 1
12 2
12 3
12 4
12 6
12 8
12 9
12 10
12 11
12 13
12 14
12 15
12 16
12 17
12 18
12 19
12 20
12 21
12 22
12 23
12 24
12 25
12 26
12 27
12 28
12 30
13 1
13 9
13 10
13 11
13 19
13 20
13 25
14 1
14 2
14 4
14 9
14 10
14 11
14 13
14 19
14 20
14 25
14 26
14 28
15 1
15 8
15 9
15 10
15 11
15 17
15 19
15 20
15 25
16 1
16 2
16 8
16 9
16 10
16 11
16 13
16 15
16 17
16 19
16 20
16 21
16 23
16 25
17 1
17 9
17 10
17 25
18 1
18 9
19 1
19 9
19 10
19 25
20 1
20 9
20 10
20 11
20 25
21 1
21 9
21 25
22 1
22 9
22 10
22 17
22 18
22 21
22 23
22 25
23 1
23 9
23 10
23 21
23 25
24 1
24 2
24 4
24 6
24 8
24 9
24 10
24 11
24 13
24 14
24 15
24 17
24 19
24 20
24 21
24 23
24 25
24 26
24 27
24 28
24 30
26 1
26 10
26 25
27 1
27 2
27 4
27 9
27 10
27 11
27 13
27 19
27 20
27 25
28 1
28 2
28 4
28 9
28 10
28 11
28 13
28 19
28 20
28 25
28 26
29 1
29 6
29 9
29 10
29 25
29 26
30 1
30 2
30 4
30 8
30 9
30 10
30 11
30 13
30 14
30 15
30 17
30 19
30 20
30 21
30 23
30 25
30 26
30 27
30 28
