35 123
1 2
1 3
1 4
1 8
1 10
1 11
1 13
1 15
1 16
1 17
1 18
1 20
1 21
1 22
2 8
2 11
2 13
2 18
3 8
3 13
3 17
3 18
5 4
5 8
5 13
5 21
5 22
6 4
6 21
6 22
7 4
7 5
7 6
7 8
7 13
7 15
7 16
7 18
7 20
7 21
7 22
8 13
9 4
9 5
9 6
9 8
9 13
9 16
9 20
9 21
9 22
10 4
10 8
10 13
10 18
10 22
11 13
11 18
12 4
12 5
12 6
12 8
12 9
12 13
12 16
12 20
12 21
12 22
14 4
14 5
14 6
14 7
14 8
14 10
14 13
14 15
14 16
14 17
14 18
14 20
14 21
14 22
15 4
15 8
15 13
15 16
15 20
15 21
15 22
16 4
16 8
16 13
16 21
16 22
17 8
17 13
17 18
18 13
19 3
19 4
19 5
19 6
19 7
19 8
19 10
19 13
19 15
19 16
19 17
19 18
19 20
19 21
19 22
20 4
20 8
20 13
20 21
20 22
21 4
21 22
23 4
23 21
23 22
