40 140
1 24
3 23
4 3
4 18
4 20
4 23
5 8
5 23
5 24
6 3
6 4
6 5
6 7
6 8
6 10
6 12
6 18
6 20
6 23
6 24
6 25
7 3
7 8
7 18
7 23
7 24
8 23
8 24
9 2
9 11
9 23
10 3
10 4
10 18
10 20
10 23
10 24
11 2
12 5
12 8
12 23
12 24
12 25
13 2
13 3
13 4
13 18
13 20
13 23
14 1
14 5
14 8
14 12
14 23
14 24
14 25
14 27
15 1
15 5
15 8
15 12
15 23
15 24
15 25
15 27
16 2
16 9
16 11
16 18
16 23
17 1
17 3
17 5
17 7
17 8
17 12
17 14
17 15
17 18
17 20
17 21
17 23
17 24
17 25
17 27
18 23
19 2
19 11
20 18
20 23
21 1
21 3
21 5
21 7
21 8
21 12
21 14
21 15
21 18
21 20
21 23
21 24
21 25
21 27
22 2
22 3
22 4
22 9
22 11
22 13
22 18
22 20
22 23
22 24
25 5
25 8
25 23
25 24
26 1
26 2
26 3
26 4
26 5
26 6
26 7
26 8
26 9
26 10
26 11
26 12
26 13
26 18
26 20
26 22
26 23
26 24
26 25
27 1
27 23
27 24
