25 154
0 9
0 13
0 15
0 23
1 9
1 11
1 15
1 16
1 18
1 20
1 21
1 23
2 11
2 15
2 16
2 18
2 20
2 21
2 23
3 11
3 17
4 3
4 11
4 16
4 17
4 21
5 11
5 15
5 16
5 17
5 21
6 11
6 15
6 16
6 17
6 21
7 3
7 5
7 6
7 11
7 15
7 16
7 17
7 20
7 21
7 23
8 2
8 5
8 6
8 11
8 15
8 16
8 17
8 18
8 20
8 21
8 23
9 15
9 23
10 0
10 1
10 2
10 6
10 9
10 11
10 12
10 13
10 14
10 15
10 16
10 17
10 18
10 19
10 20
10 21
10 23
12 1
12 9
12 11
12 14
12 15
12 16
12 18
12 19
12 20
12 21
12 23
14 9
14 11
14 15
14 16
14 18
14 20
14 21
14 23
16 11
16 21
18 11
18 15
18 21
18 23
19 1
19 9
19 11
19 15
19 16
19 18
19 20
19 21
19 23
20 11
20 15
20 16
20 21
22 0
22 1
22 2
22 6
22 9
22 11
22 12
22 13
22 14
22 15
22 16
22 17
22 18
22 19
22 20
22 21
22 23
23 15
24 0
24 1
24 2
24 3
24 5
24 6
24 8
24 9
24 10
24 11
24 12
24 13
24 14
24 15
24 16
24 17
24 18
24 19
24 20
24 21
24 22
24 23
