80 1797
0 2
0 3
0 5
0 8
0 9
0 16
0 18
0 25
0 27
0 28
0 30
0 35
0 44
0 45
0 46
0 47
0 49
0 55
0 56
0 59
0 61
0 62
0 63
0 64
0 66
0 67
0 69
0 70
0 71
0 76
0 79
1 2
1 3
1 5
1 8
1 9
1 10
1 12
1 16
1 21
1 24
1 25
1 27
1 28
1 29
1 30
1 35
1 36
1 37
1 38
1 41
1 43
1 44
1 45
1 46
1 49
1 51
1 52
1 53
1 55
1 59
1 62
1 63
1 64
1 66
1 67
1 69
1 70
1 71
1 72
1 73
1 76
1 79
2 3
4 2
4 3
4 5
4 8
4 9
4 16
4 18
4 25
4 27
4 28
4 30
4 35
4 37
4 38
4 44
4 45
4 46
4 49
4 52
4 55
4 59
4 61
4 62
4 63
4 64
4 66
4 67
4 69
4 70
4 71
4 76
4 79
5 3
5 76
6 1
6 2
6 3
6 4
6 5
6 8
6 9
6 10
6 12
6 16
6 18
6 21
6 22
6 24
6 25
6 27
6 28
6 29
6 30
6 35
6 36
6 37
6 38
6 41
6 43
6 44
6 45
6 46
6 49
6 51
6 52
6 53
6 55
6 58
6 59
6 61
6 62
6 63
6 64
6 66
6 67
6 69
6 70
6 71
6 72
6 73
6 76
6 78
6 79
7 2
7 3
7 5
7 8
7 9
7 16
7 18
7 25
7 27
7 28
7 30
7 35
7 38
7 44
7 45
7 46
7 49
7 52
7 55
7 56
7 59
7 61
7 62
7 63
7 64
7 66
7 67
7 69
7 70
7 71
7 76
7 79
8 3
8 44
9 2
9 3
9 5
9 8
9 16
9 27
9 44
9 45
9 59
9 71
9 76
10 2
10 3
10 5
10 8
10 9
10 12
10 16
10 24
10 27
10 28
10 36
10 37
10 41
10 44
10 45
10 51
10 53
10 59
10 62
10 64
10 66
10 67
10 69
10 70
10 71
10 72
10 76
10 79
11 2
11 3
11 4
11 5
11 8
11 9
11 10
11 12
11 16
11 18
11 21
11 24
11 25
11 27
11 28
11 29
11 30
11 34
11 35
11 36
11 37
11 38
11 39
11 41
11 43
11 44
11 45
11 46
11 49
11 51
11 52
11 53
11 55
11 56
11 58
11 59
11 61
11 62
11 63
11 64
11 66
11 67
11 69
11 70
11 71
11 72
11 73
11 76
11 77
11 79
12 2
12 3
12 5
12 8
12 16
12 24
12 28
12 36
12 37
12 44
12 51
12 53
12 64
12 66
12 67
12 71
12 72
12 76
13 0
13 1
13 2
13 3
13 4
13 5
13 6
13 7
13 8
13 9
13 10
13 11
13 12
13 16
13 18
13 21
13 22
13 24
13 25
13 26
13 27
13 28
13 29
13 30
13 32
13 33
13 34
13 35
13 36
13 37
13 38
13 39
13 40
13 41
13 43
13 44
13 45
13 46
13 47
13 49
13 51
13 52
13 53
13 55
13 56
13 58
13 59
13 61
13 62
13 63
13 64
13 66
13 67
13 69
13 70
13 71
13 72
13 73
13 74
13 76
13 77
13 78
13 79
14 0
14 1
14 2
14 3
14 4
14 5
14 6
14 7
14 8
14 9
14 10
14 11
14 12
14 13
14 15
14 16
14 17
14 18
14 19
14 20
14 21
14 22
14 23
14 24
14 25
14 26
14 27
14 28
14 29
14 30
14 31
14 32
14 33
14 34
14 35
14 36
14 37
14 38
14 39
14 40
14 41
14 42
14 43
14 44
14 45
14 46
14 47
14 48
14 49
14 50
14 51
14 52
14 53
14 54
14 55
14 56
14 57
14 58
14 59
14 60
14 61
14 62
14 63
14 64
14 65
14 66
14 67
14 69
14 70
14 71
14 72
14 73
14 74
14 75
14 76
14 77
14 78
14 79
15 3
15 8
15 44
15 45
15 46
15 47
15 55
15 56
15 59
15 71
16 2
16 3
16 8
16 44
16 71
17 0
17 2
17 3
17 4
17 5
17 7
17 8
17 9
17 16
17 18
17 19
17 20
17 24
17 25
17 27
17 28
17 30
17 31
17 35
17 36
17 37
17 38
17 40
17 41
17 43
17 44
17 45
17 46
17 47
17 49
17 51
17 52
17 53
17 54
17 55
17 56
17 58
17 59
17 61
17 62
17 63
17 64
17 66
17 67
17 69
17 70
17 71
17 72
17 74
17 75
17 76
17 79
18 2
18 3
18 5
18 8
18 9
18 16
18 25
18 27
18 30
18 35
18 44
18 45
18 46
18 49
18 55
18 59
18 61
18 62
18 63
18 64
18 66
18 69
18 71
18 76
19 0
19 2
19 3
19 4
19 5
19 7
19 8
19 9
19 16
19 18
19 25
19 27
19 28
19 30
19 35
19 37
19 38
19 40
19 41
19 44
19 45
19 46
19 47
19 49
19 52
19 55
19 56
19 58
19 59
19 61
19 62
19 63
19 64
19 66
19 67
19 69
19 70
19 71
19 75
19 76
19 79
20 0
20 2
20 3
20 4
20 5
20 7
20 8
20 9
20 16
20 18
20 25
20 27
20 28
20 30
20 35
20 36
20 37
20 38
20 40
20 41
20 43
20 44
20 45
20 46
20 47
20 49
20 52
20 53
20 55
20 56
20 58
20 59
20 61
20 62
20 63
20 64
20 66
20 67
20 69
20 70
20 71
20 75
20 76
20 79
21 2
21 3
21 5
21 8
21 12
21 16
21 24
21 28
21 36
21 37
21 41
21 44
21 45
21 51
21 53
21 59
21 64
21 66
21 67
21 70
21 71
21 72
21 76
22 1
22 2
22 3
22 5
22 8
22 9
22 10
22 12
22 16
22 21
22 24
22 25
22 27
22 28
22 29
22 30
22 35
22 36
22 37
22 38
22 41
22 43
22 44
22 45
22 46
22 49
22 51
22 52
22 53
22 55
22 58
22 59
22 62
22 63
22 64
22 66
22 67
22 69
22 70
22 71
22 72
22 73
22 76
22 78
22 79
23 2
23 3
23 5
23 8
23 9
23 16
23 18
23 25
23 27
23 30
23 35
23 44
23 45
23 46
23 47
23 49
23 54
23 55
23 56
23 59
23 61
23 62
23 63
23 64
23 66
23 69
23 71
23 75
23 76
24 53
24 66
24 76
25 2
25 3
25 8
25 16
25 27
25 44
25 45
25 59
25 71
25 76
26 2
26 3
26 4
26 5
26 8
26 9
26 10
26 12
26 16
26 18
26 24
26 25
26 27
26 28
26 29
26 30
26 34
26 35
26 36
26 37
26 38
26 41
26 43
26 44
26 45
26 46
26 49
26 51
26 52
26 53
26 55
26 56
26 58
26 59
26 61
26 62
26 63
26 64
26 66
26 67
26 69
26 70
26 71
26 72
26 76
26 79
27 2
27 3
27 8
27 44
27 45
27 59
27 71
28 2
28 3
28 5
28 8
28 44
28 64
28 66
28 67
28 71
28 76
29 2
29 3
29 5
29 8
29 9
29 12
29 16
29 24
29 25
29 27
29 28
29 30
29 36
29 37
29 38
29 41
29 43
29 44
29 45
29 51
29 52
29 53
29 55
29 59
29 62
29 63
29 64
29 66
29 67
29 69
29 70
29 71
29 72
29 76
29 79
30 3
30 8
30 44
30 45
30 55
30 59
30 71
31 0
31 2
31 3
31 5
31 8
31 9
31 16
31 18
31 25
31 27
31 28
31 30
31 35
31 38
31 44
31 45
31 46
31 47
31 49
31 52
31 54
31 55
31 56
31 59
31 61
31 62
31 63
31 64
31 66
31 67
31 69
31 70
31 71
31 75
31 76
31 79
32 2
32 3
32 4
32 5
32 8
32 9
32 10
32 12
32 16
32 18
32 24
32 25
32 27
32 28
32 29
32 30
32 34
32 35
32 36
32 37
32 38
32 41
32 43
32 44
32 45
32 46
32 49
32 51
32 52
32 53
32 55
32 56
32 58
32 59
32 61
32 62
32 63
32 64
32 66
32 67
32 69
32 70
32 71
32 72
32 76
32 79
33 2
33 3
33 5
33 8
33 12
33 16
33 24
33 28
33 36
33 37
33 44
33 51
33 53
33 59
33 64
33 66
33 67
33 71
33 72
33 76
33 78
34 2
34 3
34 4
34 5
34 8
34 9
34 10
34 12
34 16
34 18
34 24
34 25
34 27
34 28
34 29
34 30
34 35
34 36
34 37
34 38
34 41
34 43
34 44
34 45
34 46
34 49
34 51
34 52
34 53
34 55
34 56
34 58
34 59
34 61
34 62
34 63
34 64
34 66
34 67
34 69
34 70
34 71
34 72
34 76
34 79
35 2
35 3
35 8
35 16
35 25
35 27
35 30
35 44
35 45
35 46
35 49
35 55
35 59
35 71
35 76
36 2
36 3
36 5
36 8
36 44
36 64
36 66
36 76
37 2
37 3
37 5
37 8
37 44
37 64
37 66
37 67
37 71
37 76
38 2
38 3
38 5
38 8
38 9
38 16
38 25
38 27
38 28
38 30
38 44
38 45
38 52
38 55
38 59
38 62
38 63
38 64
38 66
38 67
38 69
38 70
38 71
38 76
38 79
39 2
39 3
39 4
39 5
39 8
39 9
39 10
39 12
39 16
39 18
39 24
39 25
39 27
39 28
39 29
39 30
39 35
39 36
39 37
39 38
39 41
39 43
39 44
39 45
39 46
39 49
39 51
39 52
39 53
39 55
39 58
39 59
39 61
39 62
39 63
39 64
39 66
39 67
39 69
39 70
39 71
39 72
39 76
39 79
40 2
40 3
40 5
40 8
40 9
40 16
40 18
40 25
40 27
40 28
40 30
40 35
40 38
40 44
40 45
40 46
40 49
40 52
40 55
40 56
40 59
40 61
40 62
40 63
40 64
40 66
40 67
40 69
40 70
40 71
40 76
40 79
41 2
41 3
41 5
41 8
41 16
41 28
41 37
41 44
41 45
41 59
41 64
41 66
41 67
41 70
41 71
41 76
42 0
42 2
42 3
42 4
42 5
42 7
42 8
42 9
42 12
42 16
42 18
42 19
42 20
42 24
42 25
42 27
42 28
42 29
42 30
42 35
42 36
42 37
42 38
42 40
42 41
42 43
42 44
42 45
42 46
42 47
42 49
42 51
42 52
42 53
42 55
42 56
42 58
42 59
42 61
42 62
42 63
42 64
42 66
42 67
42 69
42 70
42 71
42 72
42 74
42 75
42 76
42 79
43 2
43 3
43 5
43 8
43 9
43 16
43 25
43 27
43 28
43 36
43 37
43 41
43 44
43 45
43 52
43 55
43 59
43 62
43 63
43 64
43 66
43 67
43 69
43 70
43 71
43 76
43 79
44 3
45 3
45 44
45 59
45 71
47 3
47 8
47 44
47 45
47 46
47 55
47 56
47 59
47 71
48 2
48 3
48 8
48 15
48 16
48 27
48 30
48 44
48 45
48 46
48 47
48 49
48 55
48 56
48 59
48 61
48 71
48 75
49 2
49 3
49 8
49 16
49 27
49 30
49 44
49 45
49 55
49 59
49 71
50 2
50 3
50 5
50 8
50 9
50 16
50 18
50 25
50 27
50 30
50 35
50 44
50 45
50 46
50 47
50 49
50 54
50 55
50 56
50 59
50 61
50 62
50 63
50 64
50 66
50 67
50 69
50 71
50 75
50 76
50 79
51 53
51 66
51 76
52 2
52 3
52 5
52 8
52 9
52 16
52 25
52 27
52 28
52 44
52 45
52 59
52 62
52 63
52 64
52 66
52 67
52 69
52 70
52 71
52 76
52 79
53 76
54 2
54 3
54 8
54 16
54 27
54 30
54 44
54 45
54 46
54 47
54 49
54 55
54 56
54 59
54 61
54 71
54 75
54 76
55 3
55 59
56 46
57 2
57 3
57 5
57 8
57 9
57 15
57 16
57 18
57 25
57 27
57 30
57 35
57 44
57 45
57 46
57 47
57 49
57 54
57 55
57 56
57 59
57 61
57 62
57 63
57 64
57 66
57 69
57 71
57 75
57 76
58 2
58 3
58 5
58 8
58 9
58 16
58 25
58 27
58 28
58 30
58 35
58 37
58 38
58 41
58 44
58 45
58 46
58 49
58 52
58 55
58 59
58 62
58 63
58 64
58 66
58 67
58 69
58 70
58 71
58 76
58 79
60 0
60 1
60 2
60 3
60 4
60 5
60 6
60 7
60 8
60 9
60 10
60 11
60 12
60 15
60 16
60 17
60 18
60 19
60 20
60 21
60 22
60 23
60 24
60 25
60 26
60 27
60 28
60 29
60 30
60 31
60 32
60 34
60 35
60 36
60 37
60 38
60 39
60 40
60 41
60 42
60 43
60 44
60 45
60 46
60 47
60 48
60 49
60 50
60 51
60 52
60 53
60 54
60 55
60 56
60 57
60 58
60 59
60 61
60 62
60 63
60 64
60 65
60 66
60 67
60 69
60 70
60 71
60 72
60 73
60 74
60 75
60 76
60 77
60 78
60 79
61 2
61 3
61 8
61 27
61 30
61 44
61 45
61 46
61 55
61 59
61 71
62 2
62 3
62 5
62 8
62 16
62 27
62 44
62 45
62 59
62 64
62 66
62 71
62 76
63 2
63 3
63 8
63 16
63 27
63 44
63 45
63 59
63 71
63 76
64 3
64 76
65 0
65 2
65 3
65 4
65 5
65 7
65 8
65 9
65 10
65 12
65 16
65 17
65 18
65 19
65 20
65 24
65 25
65 26
65 27
65 28
65 29
65 30
65 31
65 32
65 34
65 35
65 36
65 37
65 38
65 39
65 40
65 41
65 42
65 43
65 44
65 45
65 46
65 47
65 49
65 50
65 51
65 52
65 53
65 54
65 55
65 56
65 58
65 59
65 61
65 62
65 63
65 64
65 66
65 67
65 69
65 70
65 71
65 72
65 74
65 75
65 76
65 79
66 76
67 2
67 3
67 5
67 8
67 44
67 64
67 66
67 76
68 0
68 2
68 3
68 5
68 7
68 8
68 9
68 15
68 16
68 18
68 23
68 25
68 27
68 28
68 30
68 31
68 35
68 38
68 44
68 45
68 46
68 47
68 48
68 49
68 50
68 52
68 54
68 55
68 56
68 57
68 59
68 61
68 62
68 63
68 64
68 66
68 67
68 69
68 70
68 71
68 75
68 76
68 79
69 2
69 3
69 5
69 8
69 16
69 44
69 45
69 59
69 64
69 66
69 71
69 76
70 2
70 3
70 5
70 8
70 16
70 28
70 44
70 59
70 64
70 66
70 67
70 71
70 76
71 3
71 44
72 2
72 3
72 5
72 8
72 36
72 44
72 53
72 64
72 66
72 76
73 2
73 3
73 5
73 8
73 9
73 10
73 12
73 16
73 24
73 25
73 27
73 28
73 36
73 37
73 41
73 44
73 45
73 51
73 53
73 59
73 62
73 63
73 64
73 66
73 67
73 69
73 70
73 71
73 72
73 76
73 79
74 2
74 3
74 4
74 5
74 7
74 8
74 9
74 16
74 18
74 25
74 27
74 28
74 30
74 35
74 36
74 37
74 38
74 40
74 41
74 43
74 44
74 45
74 46
74 49
74 52
74 53
74 55
74 56
74 58
74 59
74 61
74 62
74 63
74 64
74 66
74 67
74 69
74 70
74 71
74 72
74 76
74 79
75 3
75 8
75 30
75 44
75 45
75 46
75 47
75 55
75 56
75 59
75 71
77 2
77 3
77 4
77 5
77 8
77 9
77 10
77 12
77 16
77 18
77 24
77 25
77 27
77 28
77 29
77 30
77 35
77 36
77 37
77 38
77 41
77 43
77 44
77 45
77 46
77 49
77 51
77 52
77 53
77 55
77 58
77 59
77 61
77 62
77 63
77 64
77 66
77 67
77 69
77 70
77 71
77 72
77 73
77 76
77 79
78 24
78 51
78 53
78 66
78 76
79 2
79 3
79 5
79 8
79 16
79 44
79 45
79 59
79 64
79 66
79 71
79 76
