30 251
1 14
1 28
2 1
2 4
2 7
2 9
2 12
2 14
2 15
2 18
2 22
2 26
2 28
3 4
3 7
3 9
3 10
3 12
3 14
3 22
3 28
4 28
5 1
5 4
5 7
5 9
5 12
5 14
5 15
5 18
5 22
5 25
5 26
5 28
5 30
6 14
6 28
7 14
7 28
8 1
8 2
8 3
8 4
8 7
8 9
8 10
8 12
8 14
8 15
8 18
8 21
8 22
8 24
8 25
8 26
8 28
8 30
9 7
9 14
9 22
9 28
10 4
10 28
11 1
11 2
11 3
11 4
11 5
11 6
11 7
11 9
11 10
11 12
11 14
11 15
11 16
11 17
11 18
11 20
11 21
11 22
11 23
11 25
11 26
11 28
11 29
11 30
12 14
12 22
12 28
13 1
13 2
13 3
13 4
13 5
13 7
13 9
13 10
13 12
13 14
13 15
13 16
13 17
13 18
13 20
13 21
13 22
13 25
13 26
13 28
13 29
13 30
14 28
15 1
15 7
15 14
15 28
16 1
16 7
16 9
16 14
16 15
16 18
16 22
16 26
16 28
17 1
17 7
17 14
17 15
17 28
17 29
18 7
18 14
18 28
19 1
19 6
19 7
19 14
19 15
19 28
20 1
20 2
20 3
20 4
20 5
20 7
20 9
20 10
20 12
20 14
20 15
20 16
20 18
20 21
20 22
20 25
20 26
20 28
20 29
20 30
21 1
21 3
21 4
21 7
21 9
21 10
21 12
21 14
21 18
21 22
21 26
21 28
22 28
23 1
23 4
23 5
23 6
23 7
23 9
23 12
23 14
23 15
23 16
23 17
23 18
23 22
23 25
23 26
23 28
23 29
23 30
24 4
24 10
24 14
24 22
24 28
25 1
25 7
25 9
25 12
25 14
25 15
25 18
25 22
25 26
25 28
25 30
26 7
26 14
26 28
27 1
27 2
27 3
27 4
27 5
27 6
27 7
27 9
27 10
27 12
27 14
27 15
27 16
27 17
27 18
27 19
27 20
27 21
27 22
27 23
27 25
27 26
27 28
27 29
27 30
29 1
29 7
29 14
29 15
29 28
30 1
30 7
30 9
30 12
30 14
30 15
30 18
30 22
30 26
30 28
