65 1133
1 3
1 4
1 7
1 9
1 10
1 11
1 16
1 18
1 19
1 20
1 26
1 33
1 34
1 35
1 49
1 52
1 55
1 60
2 3
2 4
2 5
2 7
2 10
2 13
2 16
2 18
2 19
2 20
2 24
2 35
2 38
2 39
2 43
2 44
2 47
2 52
2 55
2 56
2 58
2 60
2 62
3 4
3 7
3 10
3 16
3 18
3 20
3 55
3 60
6 2
6 3
6 4
6 5
6 7
6 9
6 10
6 11
6 13
6 16
6 18
6 19
6 20
6 21
6 23
6 24
6 26
6 34
6 35
6 38
6 39
6 41
6 43
6 44
6 45
6 47
6 52
6 55
6 56
6 58
6 60
6 62
6 65
8 3
8 4
8 7
8 9
8 10
8 11
8 13
8 16
8 18
8 19
8 20
8 22
8 26
8 33
8 34
8 35
8 36
8 38
8 39
8 43
8 44
8 45
8 47
8 52
8 54
8 55
8 58
8 59
8 60
8 61
8 62
8 63
8 64
8 65
9 4
9 7
9 10
9 16
9 20
9 26
9 55
9 60
10 4
10 7
10 55
10 60
11 16
11 26
12 2
12 3
12 4
12 5
12 6
12 7
12 8
12 9
12 10
12 11
12 13
12 14
12 15
12 16
12 18
12 19
12 20
12 21
12 22
12 23
12 24
12 26
12 27
12 28
12 29
12 30
12 31
12 33
12 34
12 35
12 36
12 38
12 39
12 40
12 41
12 43
12 44
12 45
12 47
12 49
12 51
12 52
12 54
12 55
12 56
12 58
12 59
12 60
12 61
12 62
12 63
12 64
12 65
13 4
13 7
13 10
13 16
13 18
13 19
13 20
13 38
13 39
13 43
13 44
13 55
13 60
14 3
14 4
14 7
14 9
14 10
14 11
14 13
14 16
14 18
14 19
14 20
14 24
14 26
14 30
14 33
14 34
14 35
14 38
14 39
14 43
14 44
14 45
14 47
14 52
14 54
14 55
14 56
14 58
14 59
14 60
14 62
14 64
14 65
15 4
15 5
15 7
15 10
15 13
15 16
15 18
15 19
15 20
15 23
15 24
15 29
15 38
15 39
15 43
15 44
15 55
15 60
17 4
17 11
17 16
17 26
17 37
18 4
18 7
18 10
18 16
18 20
18 55
18 60
19 7
19 55
19 60
20 4
20 60
21 2
21 3
21 4
21 5
21 7
21 9
21 10
21 11
21 13
21 16
21 18
21 19
21 20
21 23
21 24
21 26
21 35
21 38
21 39
21 43
21 44
21 47
21 52
21 55
21 56
21 58
21 60
21 62
22 3
22 4
22 7
22 9
22 10
22 11
22 16
22 18
22 19
22 20
22 26
22 33
22 34
22 35
22 36
22 38
22 39
22 43
22 44
22 52
22 55
22 58
22 60
22 63
23 5
23 44
24 4
24 7
24 10
24 19
24 38
24 44
24 55
24 60
25 1
25 3
25 4
25 7
25 8
25 9
25 10
25 11
25 13
25 14
25 16
25 18
25 19
25 20
25 22
25 24
25 26
25 27
25 30
25 33
25 34
25 35
25 36
25 38
25 39
25 43
25 44
25 45
25 47
25 49
25 50
25 51
25 52
25 53
25 54
25 55
25 56
25 58
25 59
25 60
25 61
25 62
25 63
25 64
25 65
26 16
27 3
27 4
27 7
27 9
27 10
27 11
27 16
27 18
27 19
27 20
27 26
27 33
27 34
27 35
27 38
27 44
27 52
27 55
27 58
27 60
27 61
27 63
28 3
28 4
28 5
28 7
28 9
28 10
28 11
28 13
28 14
28 16
28 18
28 19
28 20
28 24
28 26
28 30
28 33
28 34
28 35
28 38
28 39
28 43
28 44
28 45
28 47
28 52
28 54
28 55
28 56
28 58
28 59
28 60
28 62
28 63
28 64
28 65
29 5
29 23
29 44
30 3
30 4
30 7
30 9
30 10
30 11
30 13
30 16
30 18
30 19
30 20
30 26
30 34
30 35
30 38
30 39
30 43
30 44
30 45
30 47
30 52
30 55
30 58
30 60
30 62
30 65
31 3
31 4
31 5
31 7
31 8
31 9
31 10
31 11
31 13
31 14
31 16
31 18
31 19
31 20
31 22
31 24
31 26
31 28
31 30
31 33
31 34
31 35
31 36
31 38
31 39
31 43
31 44
31 45
31 47
31 51
31 52
31 54
31 55
31 56
31 58
31 59
31 60
31 61
31 62
31 63
31 64
31 65
32 11
32 16
32 26
32 37
33 4
33 7
33 11
33 16
33 20
33 26
33 55
33 60
34 4
34 7
34 9
34 10
34 11
34 16
34 18
34 20
34 26
34 35
34 55
34 60
35 4
35 7
35 10
35 16
35 20
35 55
35 60
36 3
36 4
36 7
36 9
36 10
36 11
36 16
36 18
36 19
36 20
36 26
36 33
36 34
36 35
36 38
36 43
36 44
36 52
36 55
36 58
36 60
36 63
37 11
37 16
37 26
38 4
38 7
38 10
38 19
38 44
38 55
38 60
39 4
39 7
39 10
39 19
39 20
39 38
39 44
39 55
39 60
40 2
40 3
40 4
40 5
40 7
40 9
40 10
40 11
40 13
40 16
40 18
40 19
40 20
40 21
40 23
40 24
40 26
40 30
40 33
40 34
40 35
40 38
40 39
40 43
40 44
40 45
40 47
40 52
40 54
40 55
40 56
40 58
40 59
40 60
40 62
40 64
40 65
41 2
41 3
41 4
41 5
41 7
41 10
41 13
41 16
41 18
41 19
41 20
41 23
41 24
41 35
41 38
41 39
41 43
41 44
41 47
41 52
41 55
41 56
41 58
41 60
41 62
42 1
42 3
42 4
42 7
42 9
42 10
42 11
42 16
42 17
42 18
42 19
42 20
42 26
42 32
42 33
42 34
42 35
42 37
42 38
42 44
42 46
42 49
42 50
42 52
42 55
42 58
42 60
42 63
43 4
43 7
43 10
43 16
43 19
43 20
43 38
43 44
43 55
43 60
45 3
45 4
45 7
45 9
45 10
45 11
45 16
45 18
45 19
45 20
45 26
45 34
45 35
45 38
45 39
45 43
45 44
45 52
45 55
45 58
45 60
46 1
46 3
46 4
46 7
46 9
46 10
46 11
46 16
46 18
46 19
46 20
46 26
46 33
46 34
46 35
46 37
46 49
46 52
46 55
46 60
46 63
47 3
47 4
47 7
47 10
47 16
47 18
47 19
47 20
47 35
47 38
47 39
47 43
47 44
47 52
47 55
47 58
47 60
48 1
48 3
48 4
48 5
48 7
48 8
48 9
48 10
48 11
48 13
48 14
48 16
48 18
48 19
48 20
48 22
48 24
48 26
48 27
48 28
48 30
48 33
48 34
48 35
48 36
48 38
48 39
48 43
48 44
48 45
48 47
48 49
48 50
48 51
48 52
48 53
48 54
48 55
48 56
48 58
48 59
48 60
48 61
48 62
48 63
48 64
48 65
49 4
49 7
49 11
49 16
49 20
49 26
49 55
49 60
50 3
50 4
50 7
50 9
50 10
50 11
50 16
50 18
50 19
50 20
50 26
50 33
50 34
50 35
50 44
50 49
50 52
50 55
50 60
50 63
51 3
51 4
51 7
51 9
51 10
51 11
51 13
51 14
51 16
51 18
51 19
51 20
51 24
51 26
51 30
51 33
51 34
51 35
51 36
51 38
51 39
51 43
51 44
51 45
51 47
51 52
51 54
51 55
51 56
51 58
51 59
51 60
51 62
51 63
51 64
51 65
52 4
52 7
52 10
52 16
52 18
52 20
52 55
52 60
53 3
53 4
53 7
53 8
53 9
53 10
53 11
53 13
53 14
53 16
53 18
53 19
53 20
53 22
53 24
53 26
53 27
53 30
53 33
53 34
53 35
53 36
53 38
53 39
53 43
53 44
53 45
53 47
53 49
53 50
53 51
53 52
53 54
53 55
53 56
53 58
53 59
53 60
53 61
53 62
53 63
53 64
53 65
54 3
54 4
54 7
54 9
54 10
54 11
54 16
54 18
54 19
54 20
54 26
54 33
54 34
54 35
54 38
54 39
54 43
54 44
54 45
54 52
54 55
54 58
54 60
54 64
55 7
56 3
56 4
56 7
56 10
56 13
56 16
56 18
56 19
56 20
56 35
56 38
56 39
56 43
56 44
56 52
56 55
56 58
56 60
57 1
57 2
57 3
57 4
57 5
57 6
57 7
57 8
57 9
57 10
57 11
57 12
57 13
57 14
57 15
57 16
57 18
57 19
57 20
57 21
57 22
57 23
57 24
57 26
57 27
57 28
57 29
57 30
57 31
57 33
57 34
57 35
57 36
57 38
57 39
57 40
57 41
57 43
57 44
57 45
57 47
57 48
57 49
57 50
57 51
57 52
57 53
57 54
57 55
57 56
57 58
57 59
57 60
57 61
57 62
57 63
57 64
57 65
58 3
58 4
58 7
58 10
58 16
58 18
58 19
58 20
58 38
58 44
58 52
58 55
58 60
59 3
59 4
59 7
59 9
59 10
59 11
59 16
59 18
59 19
59 20
59 26
59 33
59 34
59 35
59 38
59 39
59 43
59 44
59 45
59 47
59 52
59 55
59 58
59 60
59 64
61 3
61 4
61 7
61 9
61 10
61 11
61 16
61 18
61 19
61 20
61 26
61 33
61 34
61 35
61 38
61 44
61 52
61 55
61 58
61 60
61 63
62 3
62 4
62 7
62 10
62 16
62 18
62 19
62 20
62 35
62 38
62 39
62 43
62 44
62 52
62 55
62 58
62 60
63 3
63 4
63 7
63 9
63 10
63 11
63 16
63 18
63 19
63 20
63 26
63 33
63 34
63 35
63 52
63 55
63 60
64 3
64 4
64 7
64 9
64 10
64 11
64 16
64 18
64 19
64 20
64 26
64 34
64 35
64 38
64 39
64 43
64 44
64 45
64 52
64 55
64 58
64 60
65 3
65 4
65 7
65 9
65 10
65 11
65 16
65 18
65 19
65 20
65 26
65 34
65 35
65 38
65 39
65 43
65 44
65 47
65 52
65 55
65 58
65 60
65 62
