45 530
1 5
1 6
1 7
1 8
1 20
1 23
1 25
1 30
1 31
1 34
1 38
2 1
2 3
2 5
2 6
2 7
2 8
2 10
2 11
2 12
2 13
2 14
2 15
2 16
2 17
2 19
2 20
2 21
2 22
2 23
2 24
2 25
2 27
2 29
2 30
2 31
2 32
2 33
2 34
2 38
2 40
2 41
2 42
2 43
2 45
3 14
3 15
3 21
3 23
3 27
4 1
4 5
4 6
4 7
4 8
4 9
4 10
4 11
4 13
4 14
4 15
4 16
4 17
4 18
4 19
4 20
4 21
4 22
4 23
4 24
4 25
4 26
4 27
4 29
4 30
4 31
4 33
4 34
4 36
4 37
4 38
4 39
4 40
4 41
4 42
4 43
4 45
5 7
5 23
6 7
6 8
6 23
7 23
8 23
9 1
9 5
9 6
9 7
9 8
9 20
9 23
9 24
9 25
9 27
9 30
9 31
9 33
9 34
9 38
10 6
10 7
10 8
10 14
10 15
10 17
10 20
10 21
10 23
10 27
10 29
10 41
11 1
11 5
11 6
11 7
11 8
11 20
11 23
11 24
11 25
11 27
11 30
11 31
11 33
11 34
11 38
12 3
12 5
12 6
12 7
12 8
12 10
12 14
12 15
12 17
12 19
12 20
12 21
12 22
12 23
12 27
12 29
12 32
12 33
12 41
12 45
13 5
13 6
13 7
13 8
13 15
13 20
13 21
13 23
13 27
13 29
13 33
14 15
14 21
14 23
14 27
16 5
16 6
16 7
16 8
16 13
16 14
16 15
16 20
16 21
16 22
16 23
16 24
16 25
16 27
16 29
16 30
16 33
16 34
16 38
16 43
16 45
17 7
17 8
17 14
17 15
17 21
17 23
17 27
18 1
18 5
18 6
18 7
18 8
18 11
18 13
18 14
18 15
18 16
18 17
18 20
18 21
18 22
18 23
18 24
18 25
18 27
18 29
18 30
18 31
18 33
18 34
18 38
18 43
18 45
19 6
19 7
19 8
19 14
19 15
19 17
19 20
19 21
19 23
19 27
19 29
20 7
20 23
21 15
22 5
22 6
22 7
22 8
22 14
22 15
22 20
22 21
22 23
22 27
22 29
22 45
24 5
24 6
24 7
24 8
24 20
24 23
24 30
24 38
25 5
25 7
25 20
25 23
25 30
25 38
26 1
26 5
26 6
26 7
26 8
26 10
26 11
26 13
26 14
26 15
26 16
26 17
26 19
26 20
26 21
26 22
26 23
26 24
26 25
26 27
26 29
26 30
26 31
26 33
26 34
26 38
26 40
26 41
26 43
26 45
27 23
28 3
28 6
28 7
28 8
28 10
28 14
28 15
28 17
28 20
28 21
28 23
28 27
28 29
28 41
29 6
29 7
29 8
29 15
29 21
29 23
29 27
30 5
30 7
30 23
30 38
31 5
31 7
31 23
31 38
32 5
32 6
32 7
32 8
32 10
32 14
32 15
32 17
32 19
32 20
32 21
32 22
32 23
32 27
32 29
32 33
32 41
32 45
33 5
33 6
33 7
33 8
33 20
33 23
33 27
34 5
34 7
34 8
34 20
34 23
34 30
34 38
35 1
35 5
35 6
35 7
35 8
35 20
35 23
35 24
35 25
35 27
35 30
35 31
35 33
35 34
35 38
36 1
36 5
36 6
36 7
36 8
36 9
36 11
36 13
36 14
36 15
36 20
36 21
36 22
36 23
36 24
36 25
36 27
36 29
36 30
36 31
36 33
36 34
36 37
36 38
36 43
36 45
37 1
37 5
37 6
37 7
37 8
37 11
37 13
37 15
37 20
37 21
37 23
37 24
37 25
37 27
37 29
37 30
37 31
37 33
37 34
37 38
37 43
37 45
38 5
38 7
38 23
39 1
39 5
39 6
39 7
39 8
39 11
39 13
39 14
39 15
39 20
39 21
39 22
39 23
39 24
39 25
39 27
39 29
39 30
39 31
39 33
39 34
39 38
39 43
39 45
40 5
40 6
40 7
40 8
40 13
40 14
40 15
40 17
40 20
40 21
40 22
40 23
40 27
40 29
40 33
40 43
40 45
41 7
41 8
41 14
41 15
41 21
41 23
41 27
42 5
42 6
42 7
42 8
42 10
42 13
42 14
42 15
42 17
42 19
42 20
42 21
42 22
42 23
42 24
42 27
42 29
42 30
42 33
42 38
42 40
42 41
42 43
42 45
43 5
43 6
43 7
43 8
43 15
43 20
43 21
43 23
43 27
43 29
43 33
44 3
44 6
44 7
44 8
44 10
44 14
44 15
44 17
44 19
44 20
44 21
44 23
44 27
44 29
44 41
45 6
45 7
45 8
45 15
45 20
45 21
45 23
45 27
45 29
