50 666
2 1
2 6
2 8
2 15
2 24
2 32
2 34
2 37
2 47
3 1
3 2
3 6
3 8
3 13
3 15
3 18
3 22
3 24
3 29
3 32
3 34
3 37
3 47
5 1
5 6
5 8
5 18
5 21
5 24
5 26
5 32
5 34
5 37
5 47
6 1
6 8
6 32
6 37
7 1
7 8
7 18
7 21
7 32
7 34
7 37
7 39
7 45
7 48
8 1
9 1
9 2
9 3
9 5
9 6
9 8
9 10
9 11
9 13
9 15
9 18
9 21
9 22
9 24
9 26
9 27
9 29
9 30
9 31
9 32
9 34
9 35
9 37
9 39
9 40
9 42
9 45
9 46
9 47
9 49
10 1
10 2
10 5
10 6
10 8
10 11
10 13
10 15
10 18
10 21
10 22
10 24
10 26
10 29
10 30
10 32
10 34
10 37
10 39
10 40
10 42
10 47
11 1
11 2
11 6
11 8
11 13
11 15
11 18
11 21
11 22
11 24
11 26
11 29
11 30
11 32
11 34
11 37
11 47
12 1
12 2
12 3
12 4
12 5
12 6
12 8
12 9
12 10
12 11
12 13
12 14
12 15
12 17
12 18
12 19
12 20
12 21
12 22
12 23
12 24
12 26
12 27
12 28
12 29
12 30
12 31
12 32
12 33
12 34
12 35
12 36
12 37
12 38
12 39
12 40
12 41
12 42
12 44
12 45
12 46
12 47
12 48
12 49
12 50
13 1
13 2
13 6
13 8
13 15
13 22
13 24
13 32
13 34
13 37
13 47
14 1
14 2
14 5
14 6
14 8
14 15
14 18
14 21
14 24
14 26
14 32
14 34
14 37
14 39
14 44
14 45
14 47
14 48
14 49
16 1
16 2
16 5
16 6
16 7
16 8
16 14
16 15
16 18
16 21
16 22
16 24
16 25
16 26
16 32
16 34
16 37
16 39
16 44
16 45
16 47
16 48
16 49
17 1
17 2
17 3
17 5
17 6
17 8
17 10
17 11
17 13
17 15
17 18
17 21
17 22
17 24
17 26
17 27
17 29
17 30
17 31
17 32
17 34
17 35
17 36
17 37
17 38
17 39
17 40
17 42
17 44
17 45
17 46
17 47
17 48
17 49
18 1
18 34
19 1
19 2
19 3
19 5
19 6
19 8
19 9
19 10
19 11
19 13
19 15
19 18
19 21
19 22
19 24
19 26
19 27
19 29
19 30
19 31
19 32
19 34
19 35
19 37
19 38
19 39
19 40
19 42
19 45
19 46
19 47
19 49
20 1
20 2
20 3
20 4
20 5
20 6
20 8
20 9
20 10
20 11
20 13
20 14
20 15
20 17
20 18
20 19
20 21
20 22
20 24
20 26
20 27
20 29
20 30
20 31
20 32
20 33
20 34
20 35
20 36
20 37
20 38
20 39
20 40
20 42
20 44
20 45
20 46
20 47
20 48
20 49
20 50
21 1
22 1
22 8
22 15
22 32
23 1
23 2
23 5
23 6
23 8
23 13
23 14
23 15
23 18
23 21
23 22
23 24
23 26
23 30
23 32
23 34
23 36
23 37
23 39
23 40
23 42
23 44
23 45
23 47
23 48
23 49
24 1
24 6
24 8
24 32
24 34
24 37
24 47
25 1
25 7
25 8
25 18
25 21
25 32
25 34
25 37
25 39
25 45
25 48
26 1
26 6
26 8
26 18
26 21
26 32
26 34
26 37
26 47
27 1
27 2
27 5
27 6
27 8
27 10
27 11
27 13
27 15
27 18
27 21
27 22
27 24
27 26
27 29
27 30
27 32
27 34
27 37
27 39
27 40
27 42
27 45
27 46
27 47
27 49
28 1
28 4
28 6
28 8
28 15
28 22
28 29
28 32
28 33
28 34
28 35
28 37
28 47
29 1
29 6
29 8
29 15
29 22
29 32
29 37
29 47
30 1
30 2
30 6
30 8
30 13
30 15
30 18
30 21
30 22
30 24
30 32
30 34
30 37
30 47
31 1
31 2
31 6
31 8
31 13
31 15
31 18
31 21
31 22
31 24
31 29
31 30
31 32
31 34
31 37
31 47
32 1
32 8
33 1
33 4
33 6
33 8
33 15
33 22
33 29
33 32
33 35
33 37
33 47
34 1
35 1
35 15
36 1
36 2
36 5
36 6
36 8
36 15
36 18
36 21
36 22
36 24
36 26
36 32
36 34
36 37
36 39
36 45
36 47
36 48
36 49
37 1
38 1
38 2
38 5
38 6
38 8
38 10
38 11
38 13
38 15
38 18
38 21
38 22
38 24
38 26
38 29
38 30
38 32
38 34
38 37
38 39
38 40
38 42
38 45
38 47
38 49
39 1
39 18
39 21
39 34
39 37
40 1
40 2
40 6
40 8
40 13
40 15
40 18
40 21
40 22
40 24
40 26
40 30
40 32
40 34
40 37
40 47
41 1
41 2
41 3
41 4
41 5
41 6
41 8
41 9
41 10
41 11
41 13
41 14
41 15
41 17
41 18
41 19
41 21
41 22
41 24
41 26
41 27
41 29
41 30
41 31
41 32
41 34
41 35
41 36
41 37
41 38
41 39
41 40
41 42
41 44
41 45
41 46
41 47
41 48
41 49
42 1
42 2
42 6
42 8
42 13
42 15
42 18
42 21
42 22
42 24
42 26
42 32
42 34
42 37
42 47
43 1
43 21
43 34
43 48
44 1
44 8
44 18
44 21
44 32
44 34
44 37
44 39
44 45
44 47
44 48
45 1
45 18
45 21
45 34
46 1
46 2
46 6
46 8
46 11
46 13
46 15
46 18
46 21
46 22
46 24
46 26
46 29
46 30
46 32
46 34
46 37
46 40
46 42
46 47
47 1
47 8
47 32
47 37
48 1
48 21
49 1
49 6
49 8
49 18
49 21
49 32
49 34
49 37
49 39
49 45
49 47
50 1
50 2
50 4
50 6
50 8
50 15
50 22
50 24
50 29
50 32
50 34
50 35
50 37
50 47
