75 1388
1 6
1 13
1 43
1 48
1 66
1 68
2 6
2 38
2 43
2 44
2 48
2 63
2 66
2 68
3 1
3 6
3 8
3 9
3 13
3 15
3 19
3 21
3 25
3 27
3 30
3 33
3 36
3 40
3 41
3 43
3 45
3 46
3 48
3 49
3 52
3 57
3 62
3 65
3 66
3 67
3 68
3 69
3 71
3 72
4 1
4 6
4 8
4 9
4 10
4 13
4 15
4 19
4 21
4 24
4 25
4 27
4 30
4 33
4 36
4 40
4 41
4 43
4 45
4 46
4 48
4 49
4 51
4 52
4 57
4 61
4 62
4 65
4 66
4 67
4 68
4 69
4 71
4 72
4 75
5 6
5 8
5 9
5 10
5 24
5 25
5 27
5 30
5 40
5 41
5 43
5 46
5 49
5 57
5 61
5 65
5 69
5 71
5 72
5 75
7 61
7 71
8 6
8 27
8 41
8 71
9 6
9 27
9 41
9 71
10 40
10 41
10 71
11 1
11 3
11 6
11 8
11 9
11 12
11 13
11 14
11 15
11 16
11 18
11 19
11 21
11 25
11 27
11 28
11 30
11 31
11 32
11 33
11 35
11 36
11 37
11 38
11 40
11 41
11 43
11 44
11 45
11 46
11 47
11 48
11 49
11 52
11 57
11 62
11 65
11 66
11 67
11 68
11 69
11 71
11 72
11 74
12 1
12 6
12 13
12 27
12 37
12 38
12 43
12 48
12 66
12 68
12 71
13 6
13 43
13 68
14 1
14 6
14 13
14 15
14 18
14 27
14 37
14 38
14 41
14 43
14 48
14 52
14 66
14 68
14 71
15 1
15 6
15 13
15 27
15 43
15 48
15 66
15 68
15 71
16 1
16 6
16 12
16 13
16 15
16 18
16 27
16 37
16 38
16 41
16 43
16 44
16 47
16 48
16 52
16 66
16 68
16 71
17 7
17 10
17 40
17 41
17 61
17 71
18 1
18 6
18 13
18 15
18 27
18 41
18 43
18 48
18 52
18 66
18 68
18 71
19 1
19 6
19 8
19 9
19 13
19 21
19 25
19 27
19 30
19 41
19 43
19 48
19 52
19 62
19 66
19 68
19 69
19 71
19 72
20 1
20 3
20 6
20 8
20 9
20 10
20 12
20 13
20 14
20 15
20 18
20 19
20 21
20 22
20 23
20 24
20 25
20 27
20 28
20 30
20 33
20 34
20 35
20 36
20 37
20 38
20 40
20 41
20 43
20 44
20 45
20 46
20 48
20 49
20 51
20 52
20 57
20 59
20 61
20 62
20 65
20 66
20 67
20 68
20 69
20 71
20 72
20 75
21 1
21 6
21 9
21 13
21 27
21 41
21 43
21 48
21 52
21 66
21 68
21 69
21 71
22 1
22 3
22 6
22 8
22 9
22 10
22 13
22 15
22 19
22 21
22 24
22 25
22 27
22 30
22 33
22 36
22 40
22 41
22 43
22 45
22 46
22 48
22 49
22 51
22 52
22 57
22 62
22 65
22 66
22 67
22 68
22 69
22 71
22 72
22 75
23 1
23 3
23 6
23 8
23 9
23 10
23 13
23 15
23 18
23 19
23 21
23 24
23 25
23 27
23 30
23 33
23 35
23 36
23 37
23 38
23 40
23 41
23 43
23 45
23 46
23 48
23 49
23 51
23 52
23 57
23 59
23 62
23 65
23 66
23 67
23 68
23 69
23 71
23 72
23 75
24 6
24 8
24 27
24 40
24 41
24 49
24 71
25 6
25 9
25 27
25 41
25 69
25 71
26 1
26 3
26 4
26 6
26 8
26 9
26 10
26 11
26 12
26 13
26 14
26 15
26 16
26 18
26 19
26 20
26 21
26 22
26 23
26 24
26 25
26 27
26 28
26 30
26 31
26 32
26 33
26 34
26 35
26 36
26 37
26 38
26 40
26 41
26 42
26 43
26 44
26 45
26 46
26 47
26 48
26 49
26 50
26 51
26 52
26 54
26 55
26 57
26 59
26 61
26 62
26 63
26 65
26 66
26 67
26 68
26 69
26 70
26 71
26 72
26 73
26 74
26 75
27 6
28 1
28 3
28 6
28 8
28 9
28 12
28 13
28 14
28 15
28 18
28 19
28 21
28 25
28 27
28 30
28 33
28 35
28 36
28 37
28 38
28 40
28 41
28 43
28 44
28 45
28 46
28 48
28 49
28 52
28 57
28 62
28 65
28 66
28 67
28 68
28 69
28 71
28 72
29 5
29 6
29 7
29 8
29 9
29 10
29 24
29 25
29 27
29 30
29 33
29 36
29 40
29 41
29 43
29 46
29 49
29 53
29 57
29 61
29 65
29 69
29 71
29 72
29 75
30 6
30 9
30 27
30 41
30 71
31 1
31 6
31 8
31 9
31 12
31 13
31 14
31 15
31 16
31 18
31 19
31 21
31 25
31 27
31 30
31 32
31 33
31 35
31 37
31 38
31 41
31 43
31 44
31 45
31 47
31 48
31 49
31 52
31 62
31 65
31 66
31 67
31 68
31 69
31 71
31 72
31 74
32 1
32 6
32 9
32 12
32 13
32 14
32 15
32 18
32 27
32 37
32 38
32 41
32 43
32 44
32 47
32 48
32 52
32 66
32 68
32 69
32 71
33 6
33 8
33 9
33 25
33 27
33 30
33 41
33 43
33 49
33 65
33 69
33 71
33 72
34 1
34 3
34 6
34 8
34 9
34 10
34 13
34 14
34 15
34 18
34 19
34 21
34 24
34 25
34 27
34 30
34 33
34 35
34 36
34 37
34 38
34 40
34 41
34 43
34 45
34 46
34 48
34 49
34 51
34 52
34 57
34 62
34 65
34 66
34 67
34 68
34 69
34 71
34 72
35 1
35 6
35 8
35 9
35 13
35 15
35 18
35 21
35 25
35 27
35 30
35 41
35 43
35 45
35 48
35 52
35 62
35 66
35 68
35 69
35 71
35 72
36 6
36 8
36 9
36 25
36 27
36 30
36 33
36 40
36 41
36 43
36 49
36 57
36 65
36 69
36 71
36 72
37 6
37 43
37 48
37 66
37 68
38 6
38 43
38 66
39 5
39 6
39 8
39 9
39 10
39 24
39 25
39 27
39 30
39 33
39 36
39 40
39 41
39 43
39 46
39 49
39 52
39 57
39 61
39 65
39 67
39 68
39 69
39 71
39 72
39 75
40 41
40 71
41 71
42 1
42 6
42 9
42 12
42 13
42 14
42 15
42 16
42 18
42 21
42 25
42 27
42 30
42 32
42 37
42 38
42 41
42 43
42 44
42 45
42 47
42 48
42 52
42 55
42 62
42 66
42 68
42 69
42 71
42 72
44 66
45 1
45 6
45 9
45 13
45 21
45 25
45 27
45 30
45 41
45 43
45 48
45 52
45 62
45 66
45 68
45 69
45 71
46 6
46 8
46 9
46 25
46 27
46 30
46 40
46 41
46 43
46 49
46 57
46 65
46 69
46 71
46 72
47 1
47 6
47 12
47 13
47 15
47 27
47 37
47 38
47 41
47 43
47 44
47 48
47 52
47 66
47 68
47 71
48 6
48 43
49 6
49 8
49 27
49 41
49 71
50 1
50 3
50 4
50 6
50 8
50 9
50 10
50 12
50 13
50 14
50 15
50 18
50 19
50 20
50 21
50 22
50 23
50 24
50 25
50 27
50 28
50 30
50 32
50 33
50 34
50 35
50 36
50 37
50 38
50 40
50 41
50 43
50 44
50 45
50 46
50 47
50 48
50 49
50 51
50 52
50 57
50 59
50 61
50 62
50 65
50 66
50 67
50 68
50 69
50 71
50 72
50 73
50 74
50 75
51 1
51 6
51 8
51 9
51 10
51 13
51 24
51 25
51 27
51 30
51 33
51 36
51 40
51 41
51 43
51 46
51 48
51 49
51 52
51 57
51 65
51 66
51 67
51 68
51 69
51 71
51 72
52 6
52 27
52 43
52 68
52 71
53 10
53 40
53 41
53 61
53 71
54 1
54 3
54 6
54 8
54 9
54 10
54 11
54 12
54 13
54 14
54 15
54 16
54 18
54 19
54 21
54 24
54 25
54 27
54 28
54 30
54 31
54 32
54 33
54 34
54 35
54 36
54 37
54 38
54 40
54 41
54 43
54 44
54 45
54 46
54 47
54 48
54 49
54 51
54 52
54 55
54 57
54 59
54 62
54 65
54 66
54 67
54 68
54 69
54 71
54 72
54 74
54 75
55 1
55 6
55 9
55 12
55 13
55 14
55 15
55 16
55 18
55 27
55 37
55 38
55 41
55 43
55 44
55 47
55 48
55 52
55 66
55 68
55 69
55 71
56 1
56 3
56 4
56 5
56 6
56 8
56 9
56 10
56 12
56 13
56 14
56 15
56 18
56 19
56 20
56 21
56 22
56 23
56 24
56 25
56 27
56 28
56 30
56 33
56 34
56 35
56 36
56 37
56 38
56 39
56 40
56 41
56 43
56 44
56 45
56 46
56 47
56 48
56 49
56 51
56 52
56 53
56 57
56 58
56 59
56 61
56 62
56 65
56 66
56 67
56 68
56 69
56 71
56 72
56 73
56 74
56 75
57 6
57 8
57 9
57 27
57 30
57 41
57 49
57 65
57 71
57 72
58 1
58 3
58 4
58 6
58 8
58 9
58 10
58 13
58 15
58 18
58 19
58 21
58 22
58 24
58 25
58 27
58 30
58 33
58 35
58 36
58 37
58 38
58 40
58 41
58 43
58 45
58 46
58 48
58 49
58 51
58 52
58 57
58 61
58 62
58 65
58 66
58 67
58 68
58 69
58 71
58 72
58 75
59 1
59 3
59 6
59 8
59 9
59 10
59 13
59 15
59 18
59 19
59 21
59 24
59 25
59 27
59 30
59 33
59 35
59 36
59 37
59 38
59 40
59 41
59 43
59 45
59 46
59 48
59 49
59 51
59 52
59 57
59 62
59 65
59 66
59 67
59 68
59 69
59 71
59 72
60 1
60 6
60 12
60 13
60 15
60 27
60 37
60 38
60 41
60 43
60 44
60 48
60 52
60 63
60 66
60 68
60 71
62 1
62 6
62 9
62 13
62 27
62 41
62 43
62 48
62 52
62 66
62 68
62 69
62 71
63 6
63 38
63 43
63 44
63 48
63 66
63 68
64 1
64 3
64 4
64 5
64 6
64 8
64 9
64 10
64 12
64 13
64 14
64 15
64 18
64 19
64 20
64 21
64 22
64 23
64 24
64 25
64 27
64 28
64 30
64 32
64 33
64 34
64 35
64 36
64 37
64 38
64 39
64 40
64 41
64 43
64 44
64 45
64 46
64 47
64 48
64 49
64 51
64 52
64 57
64 58
64 59
64 61
64 62
64 65
64 66
64 67
64 68
64 69
64 71
64 72
64 73
64 74
64 75
65 6
65 8
65 9
65 27
65 30
65 41
65 71
67 6
67 8
67 9
67 25
67 27
67 30
67 41
67 43
67 49
67 65
67 69
67 71
67 72
68 6
68 43
69 6
69 27
69 41
69 71
70 1
70 3
70 6
70 8
70 9
70 10
70 11
70 12
70 13
70 14
70 15
70 16
70 18
70 19
70 21
70 24
70 25
70 27
70 28
70 30
70 31
70 32
70 33
70 35
70 36
70 37
70 38
70 40
70 41
70 43
70 44
70 45
70 46
70 47
70 48
70 49
70 51
70 52
70 55
70 57
70 62
70 65
70 66
70 67
70 68
70 69
70 71
70 72
70 74
72 6
72 9
72 27
72 30
72 41
72 71
73 1
73 3
73 6
73 8
73 9
73 10
73 12
73 13
73 14
73 15
73 18
73 19
73 20
73 21
73 22
73 23
73 24
73 25
73 27
73 28
73 30
73 33
73 34
73 35
73 36
73 37
73 38
73 40
73 41
73 43
73 44
73 45
73 46
73 48
73 49
73 51
73 52
73 57
73 59
73 61
73 62
73 65
73 66
73 67
73 68
73 69
73 71
73 72
73 75
74 1
74 6
74 8
74 9
74 12
74 13
74 14
74 15
74 18
74 19
74 21
74 25
74 27
74 30
74 33
74 35
74 37
74 38
74 41
74 43
74 44
74 45
74 47
74 48
74 49
74 52
74 62
74 65
74 66
74 67
74 68
74 69
74 71
74 72
75 6
75 8
75 9
75 10
75 24
75 25
75 27
75 30
75 40
75 41
75 43
75 49
75 57
75 65
75 69
75 71
75 72
