45 133
1 9
1 11
1 14
1 16
1 19
1 20
2 9
2 19
3 9
3 10
3 11
3 14
3 16
3 19
3 20
3 21
4 11
4 12
4 19
4 20
5 9
5 10
5 11
5 14
5 16
5 19
5 20
5 21
6 9
7 4
7 11
7 12
7 14
7 19
7 20
8 1
8 3
8 4
8 5
8 7
8 9
8 10
8 11
8 12
8 14
8 15
8 16
8 17
8 19
8 20
8 21
8 23
10 9
10 16
10 19
11 19
13 2
13 6
13 9
13 10
13 16
13 19
14 19
15 1
15 4
15 7
15 9
15 11
15 12
15 14
15 16
15 19
15 20
15 21
16 9
16 19
17 4
17 7
17 11
17 12
17 14
17 19
17 20
18 1
18 2
18 3
18 4
18 5
18 9
18 10
18 11
18 12
18 14
18 16
18 19
18 20
18 21
20 19
21 9
21 14
21 16
21 19
21 20
22 1
22 2
22 3
22 4
22 5
22 6
22 7
22 9
22 10
22 11
22 12
22 14
22 16
22 18
22 19
22 20
22 21
23 1
23 4
23 7
23 9
23 10
23 11
23 12
23 14
23 15
23 16
23 19
23 20
23 21
