35 319
0 6
0 10
0 11
0 16
0 25
1 0
1 3
1 6
1 9
1 10
1 11
1 15
1 16
1 22
1 24
1 25
1 30
2 0
2 1
2 3
2 6
2 7
2 9
2 10
2 11
2 13
2 14
2 15
2 16
2 17
2 19
2 22
2 24
2 25
2 28
2 30
2 33
2 34
3 10
3 16
4 6
4 7
4 10
4 11
4 13
4 15
4 16
4 24
4 25
4 28
4 30
4 33
4 34
5 0
5 4
5 6
5 7
5 10
5 11
5 13
5 14
5 15
5 16
5 22
5 23
5 24
5 25
5 26
5 27
5 28
5 30
5 33
5 34
6 16
6 25
7 6
7 10
7 11
7 15
7 16
7 24
7 25
7 30
8 0
8 4
8 6
8 7
8 10
8 11
8 13
8 14
8 15
8 16
8 22
8 23
8 24
8 25
8 26
8 27
8 28
8 30
8 33
8 34
9 3
9 6
9 10
9 11
9 16
9 22
9 25
10 16
11 6
11 10
11 16
11 25
12 3
12 6
12 10
12 11
12 16
12 17
12 22
12 25
13 16
13 24
13 25
14 6
14 7
14 10
14 11
14 13
14 15
14 16
14 24
14 25
14 28
14 30
14 33
14 34
15 6
15 16
15 24
15 25
17 3
17 6
17 10
17 16
17 22
17 25
18 0
18 1
18 3
18 6
18 9
18 10
18 11
18 15
18 16
18 17
18 19
18 21
18 22
18 24
18 25
18 30
18 31
19 3
19 6
19 10
19 11
19 16
19 22
19 25
20 0
20 3
20 4
20 5
20 6
20 7
20 8
20 9
20 10
20 11
20 13
20 14
20 15
20 16
20 22
20 23
20 24
20 25
20 26
20 27
20 28
20 30
20 33
20 34
21 0
21 3
21 6
21 9
21 10
21 11
21 15
21 16
21 17
21 19
21 22
21 24
21 25
21 31
22 10
22 16
22 25
23 6
23 10
23 11
23 13
23 15
23 16
23 24
23 25
23 26
23 30
23 33
23 34
26 6
26 13
26 16
26 24
26 25
26 33
27 6
27 10
27 11
27 13
27 15
27 16
27 24
27 25
27 26
27 30
27 33
27 34
28 6
28 10
28 11
28 13
28 15
28 16
28 24
28 25
28 30
28 34
29 0
29 1
29 3
29 6
29 7
29 9
29 10
29 11
29 12
29 13
29 15
29 16
29 17
29 18
29 19
29 21
29 22
29 24
29 25
29 30
29 31
29 34
30 6
30 10
30 15
30 16
30 24
30 25
31 3
31 6
31 10
31 11
31 16
31 17
31 22
31 25
32 0
32 1
32 2
32 3
32 6
32 7
32 9
32 10
32 11
32 13
32 14
32 15
32 16
32 17
32 19
32 22
32 24
32 25
32 28
32 30
32 33
32 34
33 24
34 6
34 10
34 15
34 16
34 24
34 25
