40 179
1 3
1 4
1 5
1 7
1 9
1 10
1 11
1 12
1 14
1 15
1 16
1 18
1 19
1 20
1 23
1 26
1 27
2 3
2 4
2 5
2 7
2 9
2 11
2 12
2 18
2 23
2 24
3 11
3 18
4 7
4 9
4 18
5 18
6 3
6 4
6 5
6 7
6 9
6 11
6 12
6 15
6 16
6 18
6 20
6 23
6 26
8 7
8 15
8 17
8 18
8 20
8 27
9 18
10 4
10 5
10 7
10 9
10 12
10 14
10 15
10 18
10 20
10 23
10 26
10 27
12 5
12 7
12 9
12 18
13 4
13 5
13 7
13 9
13 12
13 14
13 15
13 18
13 19
13 20
13 26
13 27
14 7
14 15
14 18
14 20
15 7
15 20
16 4
16 5
16 7
16 9
16 12
16 15
16 18
16 20
16 23
16 26
17 7
17 15
17 18
17 20
17 27
19 7
19 9
19 14
19 15
19 18
19 20
19 26
19 27
21 4
21 5
21 7
21 9
21 12
21 13
21 14
21 15
21 17
21 18
21 19
21 20
21 23
21 26
21 27
22 1
22 2
22 3
22 4
22 5
22 6
22 7
22 8
22 9
22 10
22 11
22 12
22 13
22 14
22 15
22 16
22 17
22 18
22 19
22 20
22 21
22 23
22 24
22 25
22 26
22 27
23 18
24 3
24 5
24 7
24 9
24 11
24 18
24 23
25 4
25 5
25 7
25 9
25 10
25 12
25 14
25 15
25 16
25 18
25 19
25 20
25 23
25 26
25 27
26 7
26 15
26 18
26 20
27 20
