65 1172
1 9
1 14
1 15
1 31
1 40
1 58
1 64
2 15
2 20
2 28
2 33
2 49
2 52
3 9
3 12
3 13
3 14
3 15
3 21
3 23
3 31
3 33
3 40
3 48
3 49
3 50
3 52
3 55
3 58
3 63
3 64
4 9
4 14
4 15
4 31
4 40
4 55
4 58
4 64
5 14
5 15
5 33
5 34
5 40
5 49
5 50
5 52
5 55
5 58
5 63
5 64
6 9
6 13
6 14
6 15
6 23
6 31
6 33
6 40
6 48
6 49
6 50
6 52
6 55
6 58
6 63
6 64
7 2
7 5
7 8
7 9
7 13
7 14
7 15
7 18
7 20
7 22
7 23
7 28
7 31
7 33
7 34
7 35
7 36
7 37
7 40
7 43
7 48
7 49
7 50
7 52
7 55
7 57
7 58
7 62
7 63
7 64
8 14
8 15
8 31
8 33
8 34
8 40
8 49
8 50
8 52
8 55
8 58
8 63
8 64
9 14
9 31
9 40
9 58
10 2
10 5
10 6
10 8
10 9
10 13
10 14
10 15
10 18
10 20
10 23
10 28
10 31
10 33
10 34
10 35
10 36
10 37
10 40
10 43
10 48
10 49
10 50
10 52
10 55
10 57
10 58
10 62
10 63
10 64
11 2
11 5
11 6
11 8
11 9
11 13
11 14
11 15
11 18
11 20
11 21
11 23
11 28
11 31
11 33
11 34
11 35
11 36
11 37
11 38
11 40
11 43
11 44
11 48
11 49
11 50
11 52
11 55
11 57
11 58
11 62
11 63
11 64
12 9
12 13
12 14
12 15
12 21
12 23
12 31
12 40
12 48
12 49
12 50
12 52
12 55
12 58
12 64
13 14
13 15
13 31
13 40
13 55
13 58
13 64
16 1
16 3
16 4
16 5
16 6
16 8
16 9
16 12
16 13
16 14
16 15
16 17
16 20
16 21
16 23
16 24
16 25
16 28
16 29
16 31
16 33
16 34
16 36
16 40
16 42
16 44
16 46
16 48
16 49
16 50
16 52
16 55
16 58
16 62
16 63
16 64
16 65
17 1
17 3
17 4
17 5
17 6
17 8
17 9
17 12
17 13
17 14
17 15
17 20
17 21
17 23
17 24
17 25
17 29
17 31
17 33
17 34
17 36
17 40
17 42
17 44
17 46
17 48
17 49
17 50
17 52
17 55
17 58
17 62
17 63
17 64
17 65
18 2
18 15
18 20
18 28
18 33
18 34
18 37
18 49
18 50
18 52
18 57
18 58
18 63
19 2
19 5
19 8
19 9
19 13
19 14
19 15
19 18
19 20
19 22
19 23
19 28
19 31
19 33
19 34
19 35
19 36
19 37
19 40
19 43
19 49
19 50
19 52
19 55
19 57
19 58
19 62
19 63
19 64
20 15
20 33
20 52
21 9
21 13
21 14
21 15
21 23
21 31
21 40
21 48
21 49
21 50
21 52
21 55
21 58
21 64
22 2
22 5
22 8
22 9
22 13
22 14
22 15
22 18
22 20
22 28
22 31
22 33
22 34
22 35
22 36
22 37
22 40
22 43
22 49
22 50
22 52
22 55
22 57
22 58
22 63
22 64
23 9
23 13
23 14
23 15
23 31
23 40
23 49
23 50
23 52
23 55
23 58
23 64
24 1
24 9
24 14
24 15
24 31
24 40
24 58
24 64
25 9
25 14
25 15
25 31
25 40
25 58
25 64
26 1
26 3
26 4
26 6
26 9
26 12
26 13
26 14
26 15
26 21
26 23
26 24
26 25
26 29
26 31
26 33
26 40
26 45
26 46
26 48
26 49
26 50
26 52
26 55
26 56
26 58
26 63
26 64
27 1
27 3
27 4
27 5
27 6
27 8
27 9
27 12
27 13
27 14
27 15
27 20
27 21
27 23
27 24
27 25
27 29
27 31
27 33
27 34
27 36
27 40
27 41
27 42
27 45
27 46
27 48
27 49
27 50
27 52
27 55
27 58
27 62
27 63
27 64
27 65
28 15
28 20
28 33
28 49
28 52
29 1
29 3
29 4
29 9
29 12
29 13
29 14
29 15
29 21
29 23
29 24
29 31
29 33
29 40
29 48
29 49
29 50
29 52
29 55
29 58
29 63
29 64
30 1
30 3
30 4
30 5
30 6
30 8
30 9
30 12
30 13
30 14
30 15
30 17
30 20
30 21
30 23
30 24
30 25
30 27
30 28
30 29
30 31
30 33
30 34
30 36
30 40
30 41
30 42
30 44
30 45
30 46
30 48
30 49
30 50
30 52
30 55
30 56
30 58
30 62
30 63
30 64
30 65
31 14
31 40
31 58
32 2
32 5
32 8
32 9
32 13
32 14
32 15
32 18
32 20
32 22
32 28
32 31
32 33
32 34
32 35
32 36
32 37
32 39
32 40
32 43
32 49
32 50
32 52
32 55
32 57
32 58
32 62
32 63
32 64
34 15
34 33
34 49
34 50
34 52
34 58
34 63
35 2
35 5
35 8
35 9
35 13
35 14
35 15
35 18
35 20
35 28
35 31
35 33
35 34
35 37
35 40
35 43
35 49
35 50
35 52
35 55
35 57
35 58
35 63
35 64
36 9
36 13
36 14
36 15
36 31
36 33
36 40
36 49
36 50
36 52
36 55
36 58
36 63
36 64
37 15
37 20
37 28
37 33
37 49
37 52
38 2
38 5
38 6
38 8
38 9
38 13
38 14
38 15
38 20
38 21
38 23
38 28
38 31
38 33
38 34
38 36
38 37
38 40
38 48
38 49
38 50
38 52
38 55
38 57
38 58
38 62
38 63
38 64
39 2
39 5
39 14
39 15
39 18
39 20
39 28
39 33
39 34
39 37
39 40
39 43
39 49
39 50
39 52
39 55
39 57
39 58
39 63
39 64
40 14
40 58
41 1
41 3
41 4
41 6
41 9
41 12
41 13
41 14
41 15
41 21
41 23
41 24
41 25
41 29
41 31
41 33
41 34
41 36
41 40
41 42
41 46
41 48
41 49
41 50
41 52
41 55
41 58
41 63
41 64
41 65
42 1
42 3
42 4
42 6
42 9
42 12
42 13
42 14
42 15
42 21
42 23
42 24
42 31
42 33
42 40
42 48
42 49
42 50
42 52
42 55
42 58
42 63
42 64
43 2
43 14
43 15
43 18
43 20
43 28
43 33
43 34
43 37
43 40
43 49
43 50
43 52
43 55
43 57
43 58
43 63
43 64
44 5
44 6
44 8
44 9
44 13
44 14
44 15
44 20
44 21
44 23
44 31
44 33
44 34
44 36
44 40
44 48
44 49
44 50
44 52
44 55
44 58
44 62
44 63
44 64
45 1
45 9
45 14
45 15
45 24
45 25
45 31
45 40
45 46
45 58
45 64
46 1
46 9
46 14
46 15
46 24
46 25
46 31
46 40
46 58
46 64
47 1
47 2
47 3
47 4
47 5
47 6
47 7
47 8
47 9
47 10
47 11
47 12
47 13
47 14
47 15
47 18
47 19
47 20
47 21
47 22
47 23
47 24
47 25
47 28
47 29
47 31
47 32
47 33
47 34
47 35
47 36
47 37
47 38
47 39
47 40
47 42
47 43
47 44
47 48
47 49
47 50
47 51
47 52
47 53
47 54
47 55
47 57
47 58
47 59
47 62
47 63
47 64
47 65
48 9
48 13
48 14
48 15
48 23
48 31
48 40
48 49
48 50
48 52
48 55
48 58
48 64
49 15
49 52
50 15
50 52
50 58
51 1
51 2
51 3
51 4
51 5
51 6
51 8
51 9
51 12
51 13
51 14
51 15
51 18
51 20
51 21
51 23
51 24
51 28
51 31
51 33
51 34
51 35
51 36
51 37
51 38
51 40
51 43
51 44
51 48
51 49
51 50
51 52
51 53
51 55
51 57
51 58
51 62
51 63
51 64
51 65
53 1
53 2
53 3
53 4
53 5
53 6
53 8
53 9
53 12
53 13
53 14
53 15
53 20
53 21
53 23
53 24
53 28
53 31
53 33
53 34
53 36
53 37
53 38
53 40
53 44
53 48
53 49
53 50
53 52
53 55
53 57
53 58
53 62
53 63
53 64
53 65
54 1
54 2
54 3
54 4
54 5
54 6
54 7
54 8
54 9
54 10
54 11
54 12
54 13
54 14
54 15
54 18
54 19
54 20
54 21
54 22
54 23
54 24
54 28
54 31
54 33
54 34
54 35
54 36
54 37
54 38
54 39
54 40
54 42
54 43
54 44
54 48
54 49
54 50
54 51
54 52
54 53
54 55
54 57
54 58
54 62
54 63
54 64
54 65
55 15
55 58
55 64
56 1
56 9
56 14
56 15
56 24
56 25
56 31
56 40
56 45
56 46
56 55
56 58
56 64
57 2
57 15
57 20
57 28
57 33
57 49
57 52
57 58
57 63
59 1
59 2
59 3
59 4
59 5
59 6
59 7
59 8
59 9
59 10
59 11
59 12
59 13
59 14
59 15
59 18
59 20
59 21
59 22
59 23
59 24
59 28
59 29
59 31
59 33
59 34
59 35
59 36
59 37
59 38
59 40
59 42
59 43
59 44
59 48
59 49
59 50
59 51
59 52
59 53
59 55
59 57
59 58
59 62
59 63
59 64
59 65
60 1
60 2
60 3
60 4
60 5
60 6
60 8
60 9
60 12
60 13
60 14
60 15
60 16
60 17
60 18
60 20
60 21
60 23
60 24
60 25
60 28
60 29
60 31
60 33
60 34
60 35
60 36
60 37
60 38
60 40
60 42
60 43
60 44
60 46
60 48
60 49
60 50
60 52
60 53
60 55
60 57
60 58
60 62
60 63
60 64
60 65
61 1
61 2
61 3
61 4
61 5
61 6
61 8
61 9
61 10
61 11
61 12
61 13
61 14
61 15
61 16
61 17
61 18
61 20
61 21
61 23
61 24
61 25
61 28
61 29
61 31
61 33
61 34
61 35
61 36
61 37
61 38
61 40
61 42
61 43
61 44
61 46
61 48
61 49
61 50
61 51
61 52
61 53
61 55
61 57
61 58
61 62
61 63
61 64
61 65
62 5
62 8
62 9
62 13
62 14
62 15
62 31
62 33
62 34
62 36
62 40
62 49
62 50
62 52
62 55
62 58
62 63
62 64
63 15
63 33
63 49
63 52
64 15
64 58
65 3
65 4
65 6
65 9
65 12
65 13
65 14
65 15
65 21
65 23
65 31
65 33
65 36
65 40
65 48
65 49
65 50
65 52
65 55
65 58
65 63
65 64
