30 203
0 9
0 22
0 24
0 26
0 29
1 7
1 15
1 23
1 24
1 29
2 9
2 15
2 24
2 26
2 29
3 22
3 25
3 29
4 0
4 1
4 2
4 3
4 6
4 7
4 9
4 14
4 15
4 22
4 23
4 24
4 25
4 26
4 29
5 3
5 11
5 14
5 17
5 20
5 22
5 24
5 25
5 27
5 29
6 9
6 22
6 24
6 26
6 29
8 0
8 3
8 6
8 9
8 10
8 14
8 15
8 17
8 22
8 24
8 25
8 26
8 27
8 29
9 24
9 26
9 29
10 3
10 6
10 9
10 14
10 17
10 22
10 24
10 25
10 26
10 29
11 22
11 29
12 0
12 1
12 2
12 3
12 4
12 6
12 7
12 9
12 10
12 14
12 15
12 16
12 17
12 22
12 23
12 24
12 25
12 26
12 27
12 29
13 3
13 6
13 9
13 10
13 11
13 14
13 17
13 22
13 24
13 25
13 26
13 27
13 28
13 29
14 22
14 25
14 29
15 24
15 29
16 0
16 3
16 6
16 9
16 10
16 14
16 15
16 17
16 22
16 24
16 25
16 26
16 29
17 22
17 25
17 29
18 1
18 2
18 7
18 9
18 15
18 23
18 24
18 26
18 29
19 0
19 2
19 3
19 6
19 7
19 8
19 9
19 10
19 11
19 14
19 15
19 16
19 17
19 22
19 24
19 25
19 26
19 27
19 29
20 11
20 22
20 25
20 27
20 29
21 0
21 3
21 6
21 8
21 9
21 10
21 11
21 14
21 15
21 17
21 22
21 24
21 25
21 26
21 27
21 29
23 7
23 15
23 24
23 29
24 29
25 22
25 29
26 24
26 29
27 22
27 25
27 29
28 3
28 11
28 14
28 17
28 22
28 24
28 25
28 26
28 27
28 29
