35 136
1 7
1 12
1 18
1 19
2 3
2 4
2 5
2 8
2 11
2 12
2 13
2 14
2 16
2 18
2 19
2 20
2 23
4 3
4 5
4 19
4 20
5 3
6 1
6 3
6 5
6 7
6 12
6 13
6 14
6 15
6 18
6 19
6 20
6 21
6 22
6 23
7 19
8 3
8 5
8 12
8 19
8 20
8 23
9 2
9 3
9 4
9 5
9 7
9 8
9 11
9 12
9 13
9 14
9 16
9 17
9 18
9 19
9 20
9 21
9 22
9 23
10 1
10 3
10 4
10 5
10 7
10 8
10 11
10 12
10 13
10 14
10 15
10 16
10 18
10 19
10 20
10 21
10 22
10 23
11 3
11 4
11 5
11 8
11 12
11 19
11 20
11 23
12 19
13 3
13 5
13 12
13 18
13 19
13 20
13 23
14 3
14 5
14 12
14 13
14 18
14 19
14 20
14 23
16 3
16 5
16 12
16 13
16 18
16 19
16 20
16 23
17 3
17 4
17 5
17 8
17 11
17 12
17 13
17 18
17 19
17 20
17 23
18 12
18 19
21 3
21 12
21 18
21 19
21 23
22 7
22 12
22 18
22 19
22 23
23 12
23 19
