60 999
0 1
0 3
0 9
0 10
0 11
0 12
0 13
0 15
0 20
0 23
0 29
0 30
0 32
0 35
0 38
0 39
0 40
0 43
0 44
0 45
0 47
0 49
0 50
0 51
0 56
0 59
1 47
1 56
2 1
2 3
2 5
2 6
2 8
2 9
2 10
2 11
2 12
2 13
2 15
2 18
2 20
2 23
2 26
2 29
2 30
2 32
2 35
2 37
2 38
2 39
2 40
2 43
2 44
2 45
2 46
2 47
2 49
2 50
2 51
2 52
2 53
2 56
2 59
3 1
3 20
3 23
3 30
3 32
3 35
3 38
3 43
3 44
3 47
3 50
3 56
3 59
4 1
4 8
4 15
4 18
4 20
4 23
4 26
4 30
4 35
4 38
4 44
4 46
4 47
4 48
4 50
4 51
4 52
4 53
4 56
4 58
4 59
5 1
5 15
5 20
5 23
5 30
5 35
5 38
5 44
5 47
5 50
5 51
5 52
5 56
5 59
6 1
6 3
6 9
6 11
6 12
6 13
6 15
6 20
6 23
6 29
6 30
6 32
6 35
6 38
6 39
6 40
6 43
6 44
6 45
6 47
6 49
6 50
6 51
6 52
6 56
6 59
7 1
7 2
7 3
7 4
7 5
7 6
7 8
7 9
7 10
7 11
7 12
7 13
7 15
7 16
7 17
7 18
7 19
7 20
7 21
7 22
7 23
7 25
7 26
7 28
7 29
7 30
7 31
7 32
7 33
7 34
7 35
7 36
7 37
7 38
7 39
7 40
7 41
7 42
7 43
7 44
7 45
7 46
7 47
7 48
7 49
7 50
7 51
7 52
7 53
7 56
7 57
7 58
7 59
8 1
8 15
8 18
8 23
8 47
8 50
8 52
8 56
9 1
9 12
9 20
9 23
9 30
9 35
9 38
9 44
9 47
9 50
9 56
9 59
10 1
10 3
10 9
10 11
10 12
10 13
10 15
10 20
10 23
10 29
10 30
10 32
10 35
10 38
10 39
10 40
10 43
10 44
10 45
10 47
10 49
10 50
10 51
10 56
10 59
11 1
11 38
11 44
11 47
11 50
11 56
12 1
12 20
12 23
12 30
12 35
12 38
12 44
12 47
12 50
12 56
12 59
13 1
13 11
13 20
13 29
13 30
13 32
13 38
13 43
13 44
13 47
13 50
13 56
14 1
14 3
14 4
14 5
14 8
14 9
14 11
14 12
14 15
14 16
14 17
14 18
14 19
14 20
14 21
14 22
14 23
14 24
14 25
14 26
14 28
14 29
14 30
14 31
14 32
14 33
14 34
14 35
14 36
14 37
14 38
14 39
14 41
14 42
14 43
14 44
14 45
14 46
14 47
14 48
14 50
14 51
14 52
14 53
14 54
14 55
14 56
14 57
14 58
14 59
16 1
16 4
16 5
16 8
16 15
16 18
16 19
16 20
16 23
16 26
16 28
16 30
16 31
16 34
16 35
16 36
16 38
16 41
16 42
16 44
16 46
16 47
16 48
16 50
16 51
16 52
16 53
16 56
16 58
16 59
17 1
17 3
17 4
17 5
17 8
17 9
17 12
17 15
17 18
17 19
17 20
17 21
17 23
17 26
17 28
17 30
17 32
17 35
17 37
17 38
17 39
17 43
17 44
17 45
17 46
17 47
17 48
17 50
17 51
17 52
17 53
17 56
17 57
17 58
17 59
18 15
19 1
19 5
19 8
19 15
19 18
19 20
19 23
19 26
19 30
19 35
19 38
19 44
19 46
19 47
19 50
19 51
19 52
19 53
19 56
19 59
20 1
20 38
20 44
20 47
20 50
20 56
21 1
21 5
21 8
21 12
21 15
21 18
21 19
21 20
21 23
21 26
21 28
21 30
21 35
21 38
21 39
21 44
21 45
21 46
21 47
21 50
21 51
21 52
21 53
21 56
21 59
22 1
22 4
22 5
22 8
22 15
22 16
22 18
22 19
22 20
22 23
22 26
22 28
22 30
22 31
22 34
22 35
22 36
22 38
22 41
22 42
22 44
22 46
22 47
22 48
22 50
22 51
22 52
22 53
22 56
22 58
22 59
23 1
23 47
23 50
23 56
24 1
24 8
24 15
24 18
24 23
24 26
24 34
24 47
24 50
24 52
24 56
24 59
25 1
25 3
25 4
25 5
25 8
25 9
25 11
25 12
25 15
25 16
25 17
25 18
25 19
25 20
25 21
25 23
25 26
25 28
25 29
25 30
25 31
25 32
25 34
25 35
25 36
25 37
25 38
25 39
25 41
25 42
25 43
25 44
25 45
25 46
25 47
25 48
25 50
25 51
25 52
25 53
25 56
25 57
25 58
25 59
26 1
26 8
26 15
26 18
26 23
26 47
26 50
26 52
26 56
27 0
27 1
27 2
27 3
27 4
27 5
27 6
27 8
27 9
27 10
27 11
27 12
27 13
27 15
27 17
27 18
27 19
27 20
27 21
27 23
27 26
27 28
27 29
27 30
27 31
27 32
27 33
27 34
27 35
27 36
27 37
27 38
27 39
27 40
27 41
27 42
27 43
27 44
27 45
27 46
27 47
27 48
27 49
27 50
27 51
27 52
27 53
27 56
27 57
27 58
27 59
28 1
28 8
28 15
28 18
28 20
28 23
28 26
28 30
28 35
28 38
28 44
28 46
28 47
28 50
28 51
28 52
28 53
28 56
28 59
29 1
29 11
29 20
29 30
29 32
29 38
29 43
29 44
29 47
29 50
29 56
30 1
30 20
30 38
30 44
30 47
30 50
30 56
31 1
31 8
31 15
31 18
31 20
31 23
31 26
31 30
31 35
31 38
31 41
31 44
31 47
31 48
31 50
31 51
31 52
31 53
31 56
31 58
31 59
32 1
32 20
32 30
32 38
32 43
32 44
32 47
32 50
32 56
33 1
33 3
33 4
33 5
33 8
33 9
33 11
33 12
33 15
33 17
33 18
33 19
33 20
33 21
33 23
33 26
33 28
33 29
33 30
33 31
33 32
33 35
33 37
33 38
33 39
33 41
33 43
33 44
33 45
33 46
33 47
33 48
33 50
33 51
33 52
33 53
33 56
33 57
33 58
33 59
34 15
34 18
34 47
34 52
34 56
35 1
35 47
35 50
35 56
35 59
36 1
36 8
36 15
36 18
36 23
36 26
36 34
36 35
36 41
36 42
36 47
36 48
36 50
36 51
36 52
36 56
36 58
36 59
37 1
37 3
37 5
37 9
37 12
37 15
37 20
37 23
37 30
37 32
37 35
37 38
37 39
37 43
37 44
37 45
37 47
37 50
37 51
37 52
37 53
37 56
37 59
38 44
38 47
38 50
38 56
39 1
39 12
39 20
39 23
39 30
39 35
39 38
39 44
39 45
39 47
39 50
39 56
39 59
40 1
40 3
40 9
40 11
40 12
40 20
40 23
40 29
40 30
40 32
40 35
40 38
40 43
40 44
40 47
40 50
40 56
40 59
41 1
41 8
41 15
41 18
41 23
41 26
41 35
41 47
41 48
41 50
41 51
41 52
41 56
41 58
41 59
42 1
42 8
42 15
42 18
42 23
42 26
42 35
42 47
42 48
42 50
42 51
42 52
42 56
42 58
42 59
43 1
43 38
43 44
43 47
43 50
43 56
44 47
45 1
45 20
45 23
45 30
45 35
45 38
45 44
45 47
45 50
45 56
45 59
46 1
46 15
46 20
46 23
46 30
46 35
46 38
46 44
46 47
46 50
46 51
46 52
46 53
46 56
46 59
48 1
48 8
48 15
48 18
48 23
48 26
48 35
48 47
48 50
48 51
48 52
48 56
48 58
48 59
49 1
49 3
49 9
49 11
49 12
49 15
49 20
49 23
49 29
49 30
49 32
49 35
49 38
49 39
49 40
49 43
49 44
49 45
49 47
49 50
49 56
49 59
50 47
50 56
51 1
51 15
51 23
51 47
51 50
51 56
51 59
52 15
52 47
53 1
53 15
53 23
53 35
53 44
53 47
53 50
53 51
53 52
53 56
53 59
54 1
54 3
54 4
54 5
54 8
54 9
54 11
54 12
54 15
54 16
54 17
54 18
54 19
54 20
54 21
54 22
54 23
54 26
54 28
54 29
54 30
54 31
54 32
54 34
54 35
54 36
54 37
54 38
54 39
54 41
54 42
54 43
54 44
54 45
54 46
54 47
54 48
54 50
54 51
54 52
54 53
54 56
54 57
54 58
54 59
55 1
55 8
55 15
55 18
55 23
55 26
55 34
55 47
55 50
55 52
55 56
56 47
57 1
57 5
57 8
57 9
57 12
57 15
57 18
57 19
57 20
57 21
57 23
57 26
57 28
57 30
57 35
57 38
57 39
57 43
57 44
57 45
57 46
57 47
57 48
57 50
57 51
57 52
57 53
57 56
57 58
57 59
58 1
58 8
58 15
58 18
58 23
58 26
58 47
58 50
58 51
58 52
58 56
58 59
59 1
59 47
59 50
59 56
