30 110
2 1
2 4
2 6
2 8
2 9
2 15
2 16
2 20
3 4
3 6
3 8
3 9
3 15
3 16
3 17
3 18
3 20
4 16
4 20
5 1
5 16
7 1
7 2
7 4
7 5
7 6
7 8
7 9
7 15
7 16
7 19
7 20
8 16
8 20
9 16
10 1
10 2
10 4
10 5
10 6
10 7
10 8
10 9
10 15
10 16
10 17
10 19
10 20
11 1
11 3
11 4
11 6
11 8
11 9
11 15
11 16
11 17
11 18
11 20
12 6
12 9
12 16
12 20
13 1
13 2
13 3
13 4
13 6
13 8
13 9
13 11
13 15
13 16
13 17
13 18
13 20
14 1
14 2
14 3
14 4
14 5
14 6
14 7
14 8
14 9
14 10
14 15
14 16
14 17
14 18
14 19
14 20
15 9
15 16
15 20
17 6
17 9
17 15
17 16
17 20
18 6
18 9
18 15
18 16
18 20
19 1
19 8
19 16
19 20
20 16
