70 1010
1 4
1 16
1 22
1 30
1 34
1 41
1 42
2 1
2 4
2 5
2 6
2 9
2 10
2 11
2 13
2 16
2 17
2 20
2 21
2 22
2 24
2 26
2 29
2 30
2 31
2 32
2 33
2 34
2 41
2 42
2 43
2 45
2 46
2 49
2 50
2 52
2 54
2 63
2 65
2 67
2 68
2 69
2 70
3 24
3 31
3 45
5 4
5 22
5 24
5 31
5 33
5 45
5 46
5 63
5 69
5 70
6 24
6 31
6 45
6 49
7 3
7 4
7 6
7 13
7 17
7 21
7 22
7 24
7 29
7 31
7 33
7 38
7 45
7 48
7 49
7 64
7 67
7 70
8 1
8 4
8 5
8 9
8 10
8 11
8 13
8 16
8 18
8 21
8 22
8 24
8 26
8 30
8 31
8 32
8 33
8 34
8 41
8 42
8 43
8 45
8 46
8 49
8 50
8 52
8 54
8 59
8 63
8 65
8 69
8 70
9 4
9 16
9 22
9 24
9 30
9 31
9 33
9 41
9 42
9 45
9 46
9 54
9 63
9 69
9 70
10 4
10 5
10 22
10 24
10 31
10 33
10 41
10 42
10 45
10 46
10 49
10 63
10 69
10 70
11 4
11 5
11 22
11 24
11 31
11 33
11 41
11 42
11 45
11 46
11 49
11 63
11 69
11 70
12 1
12 2
12 4
12 5
12 6
12 8
12 9
12 10
12 11
12 13
12 14
12 15
12 16
12 17
12 18
12 19
12 20
12 21
12 22
12 23
12 24
12 25
12 26
12 27
12 28
12 29
12 30
12 31
12 32
12 33
12 34
12 35
12 37
12 38
12 39
12 40
12 41
12 42
12 43
12 44
12 45
12 46
12 47
12 48
12 49
12 50
12 52
12 53
12 54
12 55
12 57
12 58
12 59
12 60
12 61
12 62
12 63
12 64
12 65
12 66
12 67
12 68
12 69
12 70
13 21
13 24
13 31
13 33
13 45
13 49
14 1
14 2
14 4
14 5
14 6
14 8
14 9
14 10
14 11
14 13
14 16
14 17
14 18
14 20
14 21
14 22
14 23
14 24
14 26
14 28
14 29
14 30
14 31
14 32
14 33
14 34
14 35
14 37
14 39
14 41
14 42
14 43
14 44
14 45
14 46
14 47
14 48
14 49
14 50
14 52
14 53
14 54
14 57
14 59
14 63
14 65
14 66
14 67
14 68
14 69
14 70
15 1
15 4
15 16
15 18
15 22
15 23
15 24
15 28
15 30
15 31
15 34
15 35
15 37
15 41
15 42
15 43
15 44
15 45
15 46
15 47
15 52
15 53
15 57
15 60
15 63
15 69
16 4
16 22
16 41
16 42
17 4
17 13
17 21
17 24
17 29
17 31
17 33
17 45
17 49
18 42
19 4
19 18
19 22
19 23
19 41
19 42
19 57
19 60
20 4
20 5
20 6
20 9
20 10
20 11
20 13
20 16
20 17
20 21
20 22
20 24
20 26
20 29
20 30
20 31
20 33
20 41
20 42
20 45
20 46
20 49
20 50
20 54
20 63
20 65
20 69
20 70
21 24
21 31
21 33
21 45
21 49
22 4
23 42
24 45
25 1
25 2
25 4
25 5
25 6
25 9
25 10
25 11
25 13
25 16
25 17
25 20
25 21
25 22
25 24
25 26
25 29
25 30
25 31
25 32
25 33
25 34
25 41
25 42
25 43
25 45
25 46
25 48
25 49
25 50
25 52
25 54
25 63
25 65
25 67
25 68
25 69
25 70
26 4
26 5
26 22
26 24
26 31
26 33
26 41
26 42
26 45
26 46
26 49
26 50
26 63
26 69
26 70
27 1
27 4
27 5
27 9
27 11
27 16
27 18
27 22
27 23
27 24
27 28
27 30
27 31
27 32
27 33
27 34
27 35
27 37
27 41
27 42
27 43
27 44
27 45
27 46
27 47
27 49
27 52
27 53
27 54
27 57
27 59
27 63
27 69
27 70
28 1
28 4
28 16
28 18
28 22
28 30
28 34
28 41
28 42
29 24
29 31
29 45
29 49
30 4
30 22
30 41
30 42
32 4
32 5
32 9
32 16
32 22
32 24
32 30
32 31
32 33
32 34
32 41
32 42
32 43
32 45
32 46
32 52
32 54
32 63
32 69
32 70
33 24
33 31
33 45
34 4
34 16
34 22
34 30
34 41
34 42
35 1
35 4
35 16
35 18
35 22
35 23
35 30
35 34
35 41
35 42
35 53
35 57
36 1
36 2
36 4
36 5
36 6
36 8
36 9
36 10
36 11
36 13
36 14
36 15
36 16
36 17
36 18
36 19
36 20
36 21
36 22
36 23
36 24
36 25
36 26
36 27
36 28
36 29
36 30
36 31
36 32
36 33
36 34
36 35
36 37
36 38
36 39
36 41
36 42
36 43
36 44
36 45
36 46
36 47
36 48
36 49
36 50
36 52
36 53
36 54
36 55
36 57
36 58
36 59
36 60
36 61
36 63
36 64
36 65
36 66
36 67
36 68
36 69
36 70
37 1
37 4
37 16
37 18
37 22
37 23
37 24
37 28
37 30
37 31
37 34
37 41
37 42
37 43
37 44
37 45
37 46
37 53
37 69
38 4
38 6
38 13
38 17
38 21
38 24
38 29
38 31
38 33
38 45
38 48
38 49
38 64
38 67
39 1
39 4
39 5
39 6
39 8
39 9
39 10
39 11
39 13
39 16
39 17
39 18
39 21
39 22
39 24
39 26
39 29
39 30
39 31
39 32
39 33
39 34
39 41
39 42
39 43
39 44
39 45
39 46
39 49
39 50
39 52
39 54
39 59
39 63
39 65
39 68
39 69
39 70
40 1
40 4
40 5
40 9
40 10
40 11
40 15
40 16
40 18
40 19
40 22
40 23
40 24
40 26
40 27
40 28
40 30
40 31
40 32
40 33
40 34
40 35
40 37
40 41
40 42
40 43
40 44
40 45
40 46
40 47
40 49
40 50
40 52
40 53
40 54
40 57
40 58
40 59
40 60
40 63
40 66
40 69
40 70
43 4
43 16
43 22
43 24
43 30
43 31
43 34
43 41
43 42
43 45
43 46
43 69
44 1
44 4
44 16
44 18
44 22
44 30
44 31
44 34
44 41
44 42
44 45
44 46
46 4
46 22
46 31
46 45
47 1
47 4
47 16
47 18
47 22
47 23
47 28
47 30
47 31
47 34
47 41
47 42
47 53
48 6
48 24
48 29
48 31
48 45
48 49
49 24
49 31
49 45
50 4
50 22
50 24
50 31
50 33
50 45
50 46
50 49
50 63
50 69
50 70
51 3
51 4
51 6
51 7
51 13
51 17
51 21
51 22
51 24
51 29
51 31
51 33
51 38
51 45
51 46
51 48
51 49
51 64
51 65
51 67
51 70
52 4
52 16
52 22
52 24
52 30
52 31
52 34
52 41
52 42
52 43
52 45
52 46
52 63
52 69
53 4
53 18
53 22
53 23
53 41
53 42
54 4
54 16
54 22
54 24
54 31
54 41
54 42
54 45
54 46
54 63
54 69
55 4
55 5
55 6
55 13
55 17
55 21
55 22
55 24
55 26
55 29
55 31
55 33
55 41
55 42
55 45
55 46
55 48
55 49
55 50
55 63
55 65
55 67
55 69
55 70
56 3
56 4
56 6
56 13
56 17
56 21
56 22
56 24
56 29
56 31
56 33
56 38
56 45
56 46
56 48
56 49
56 63
56 64
56 65
56 67
56 70
57 42
58 4
58 18
58 22
58 23
58 41
58 42
58 53
58 57
58 60
59 1
59 4
59 5
59 9
59 16
59 18
59 22
59 24
59 30
59 31
59 32
59 33
59 34
59 41
59 42
59 43
59 45
59 46
59 49
59 52
59 54
59 63
59 69
59 70
60 42
61 4
61 5
61 6
61 9
61 10
61 11
61 13
61 16
61 17
61 20
61 21
61 22
61 24
61 26
61 29
61 30
61 31
61 33
61 41
61 42
61 45
61 46
61 48
61 49
61 50
61 54
61 55
61 63
61 65
61 67
61 69
61 70
62 4
62 18
62 19
62 22
62 23
62 41
62 42
62 57
62 60
63 4
63 22
63 24
63 31
63 45
63 46
64 6
64 24
64 31
64 45
64 49
65 4
65 21
65 22
65 24
65 31
65 33
65 45
65 49
65 70
66 1
66 4
66 5
66 9
66 10
66 11
66 16
66 18
66 22
66 24
66 30
66 31
66 32
66 33
66 34
66 41
66 42
66 43
66 44
66 45
66 46
66 49
66 50
66 52
66 54
66 59
66 63
66 69
66 70
67 4
67 6
67 13
67 21
67 24
67 29
67 31
67 33
67 45
67 49
68 4
68 5
68 9
68 10
68 11
68 13
68 16
68 17
68 21
68 22
68 24
68 26
68 29
68 30
68 31
68 33
68 34
68 41
68 42
68 45
68 46
68 49
68 50
68 54
68 63
68 65
68 69
68 70
69 4
69 22
69 31
69 45
69 46
70 4
70 22
70 24
70 31
70 45
