40 101
1 3
1 5
1 7
1 10
1 12
1 16
1 18
2 3
2 5
2 7
2 10
2 12
2 16
2 18
2 20
3 12
4 8
4 10
4 12
4 16
4 20
5 3
5 7
5 12
6 7
9 1
9 2
9 3
9 4
9 5
9 6
9 7
9 8
9 10
9 11
9 12
9 13
9 14
9 15
9 16
9 17
9 18
9 19
9 20
10 12
11 3
11 4
11 7
11 8
11 10
11 12
11 13
11 16
11 17
11 20
13 4
13 8
13 10
13 12
13 16
13 20
14 3
14 7
14 10
14 12
14 16
14 17
14 20
15 1
15 2
15 3
15 5
15 6
15 7
15 8
15 10
15 12
15 14
15 16
15 17
15 18
15 19
15 20
16 12
17 10
17 12
17 16
17 20
18 7
18 12
19 3
19 5
19 7
19 10
19 12
19 14
19 16
19 17
19 20
20 10
20 12
