60 882
0 1
0 2
0 3
0 5
0 8
0 9
0 11
0 23
0 30
0 31
0 33
0 34
0 36
0 37
0 45
0 47
0 51
2 1
2 3
2 23
2 33
2 36
2 45
2 47
2 51
4 1
4 3
4 5
4 6
4 7
4 9
4 11
4 13
4 14
4 15
4 17
4 18
4 19
4 21
4 23
4 24
4 27
4 30
4 31
4 32
4 33
4 34
4 36
4 37
4 39
4 40
4 41
4 44
4 45
4 46
4 47
4 49
4 50
4 51
4 55
6 1
6 5
6 9
6 11
6 30
6 31
6 37
6 45
7 1
7 5
7 9
7 11
7 14
7 30
7 31
7 37
7 45
7 55
8 1
8 3
8 9
8 23
8 31
8 33
8 36
8 37
8 45
8 47
8 51
9 45
10 1
10 3
10 5
10 6
10 7
10 9
10 11
10 12
10 13
10 14
10 15
10 18
10 19
10 21
10 22
10 24
10 25
10 27
10 28
10 30
10 31
10 32
10 34
10 37
10 38
10 40
10 41
10 43
10 44
10 45
10 46
10 47
10 49
10 50
10 51
10 54
10 55
10 56
10 58
11 9
11 31
11 37
11 45
12 1
12 5
12 9
12 11
12 13
12 14
12 15
12 18
12 19
12 21
12 22
12 25
12 28
12 30
12 31
12 32
12 37
12 40
12 41
12 45
12 49
12 55
12 58
13 5
13 9
13 14
13 18
13 19
13 30
13 31
13 32
13 45
13 49
14 5
15 1
15 5
15 9
15 11
15 13
15 14
15 18
15 19
15 21
15 30
15 31
15 32
15 37
15 40
15 41
15 45
15 49
15 55
16 1
16 3
16 5
16 6
16 7
16 9
16 11
16 13
16 14
16 15
16 17
16 18
16 19
16 21
16 23
16 24
16 27
16 28
16 30
16 31
16 32
16 33
16 34
16 36
16 37
16 40
16 41
16 44
16 45
16 46
16 47
16 49
16 50
16 51
16 55
17 1
17 3
17 5
17 6
17 7
17 9
17 11
17 13
17 14
17 18
17 19
17 21
17 23
17 24
17 27
17 30
17 31
17 32
17 33
17 34
17 36
17 37
17 40
17 41
17 44
17 45
17 46
17 47
17 49
17 50
17 51
17 55
18 5
18 14
18 31
18 45
19 5
19 9
19 14
19 18
19 31
19 45
19 49
20 0
20 1
20 2
20 3
20 4
20 5
20 6
20 7
20 8
20 9
20 11
20 12
20 13
20 14
20 15
20 16
20 17
20 18
20 19
20 21
20 22
20 23
20 24
20 25
20 27
20 28
20 29
20 30
20 31
20 32
20 33
20 34
20 36
20 37
20 38
20 39
20 40
20 41
20 43
20 44
20 45
20 46
20 47
20 49
20 50
20 51
20 55
20 56
20 58
21 1
21 5
21 9
21 11
21 14
21 18
21 19
21 30
21 31
21 32
21 37
21 41
21 45
21 49
21 55
22 5
22 14
22 45
23 3
23 51
24 1
24 3
24 5
24 6
24 7
24 9
24 11
24 14
24 30
24 31
24 34
24 37
24 44
24 45
24 47
24 49
24 50
24 51
24 55
25 5
25 9
25 11
25 13
25 14
25 18
25 19
25 22
25 28
25 30
25 31
25 32
25 37
25 41
25 45
25 49
25 55
26 5
26 9
26 13
26 14
26 18
26 19
26 22
26 28
26 30
26 31
26 32
26 45
26 49
27 1
27 5
27 6
27 7
27 9
27 11
27 14
27 18
27 30
27 31
27 32
27 37
27 40
27 41
27 45
27 49
27 55
28 5
28 14
28 31
28 45
29 1
29 2
29 3
29 5
29 6
29 7
29 8
29 9
29 11
29 14
29 23
29 24
29 30
29 31
29 32
29 33
29 34
29 36
29 37
29 39
29 40
29 41
29 44
29 45
29 47
29 49
29 50
29 51
29 55
30 5
30 9
30 31
30 45
31 45
32 5
32 9
32 14
32 31
32 45
32 49
33 3
33 51
34 1
34 3
34 5
34 9
34 11
34 30
34 31
34 37
34 45
35 1
35 5
35 6
35 7
35 9
35 11
35 12
35 13
35 14
35 15
35 18
35 19
35 21
35 22
35 25
35 26
35 28
35 30
35 31
35 32
35 37
35 40
35 41
35 43
35 45
35 46
35 49
35 53
35 54
35 55
35 58
36 3
36 33
36 47
36 51
37 9
37 45
38 1
38 3
38 5
38 6
38 7
38 9
38 11
38 12
38 13
38 14
38 15
38 18
38 19
38 21
38 22
38 25
38 27
38 28
38 30
38 31
38 32
38 34
38 37
38 40
38 41
38 43
38 44
38 45
38 46
38 47
38 49
38 51
38 55
38 58
39 1
39 3
39 5
39 6
39 7
39 9
39 11
39 14
39 23
39 30
39 31
39 33
39 34
39 36
39 37
39 45
39 47
39 51
39 55
40 1
40 5
40 9
40 11
40 14
40 30
40 31
40 32
40 37
40 45
40 49
40 55
41 5
41 9
41 14
41 30
41 31
41 32
41 37
41 45
41 49
42 1
42 3
42 5
42 6
42 7
42 9
42 10
42 11
42 12
42 13
42 14
42 15
42 17
42 18
42 19
42 21
42 22
42 23
42 24
42 25
42 26
42 27
42 28
42 30
42 31
42 32
42 33
42 34
42 36
42 37
42 38
42 40
42 41
42 43
42 44
42 45
42 46
42 47
42 49
42 50
42 51
42 52
42 53
42 54
42 55
42 56
42 58
43 1
43 5
43 7
43 9
43 11
43 13
43 14
43 15
43 18
43 19
43 21
43 22
43 25
43 28
43 30
43 31
43 32
43 37
43 40
43 41
43 45
43 49
43 55
43 58
44 1
44 3
44 5
44 6
44 7
44 9
44 11
44 14
44 30
44 31
44 34
44 37
44 45
44 49
44 55
46 1
46 5
46 7
46 9
46 11
46 13
46 14
46 18
46 19
46 21
46 30
46 31
46 32
46 37
46 40
46 41
46 45
46 49
46 55
47 3
48 1
48 3
48 5
48 6
48 7
48 9
48 11
48 12
48 13
48 14
48 15
48 18
48 19
48 21
48 22
48 25
48 26
48 27
48 28
48 30
48 31
48 32
48 35
48 37
48 40
48 41
48 43
48 45
48 46
48 49
48 53
48 54
48 55
48 58
49 5
49 14
49 31
49 45
50 1
50 3
50 5
50 6
50 7
50 9
50 11
50 14
50 30
50 31
50 34
50 37
50 45
50 47
50 51
50 55
52 1
52 3
52 5
52 6
52 7
52 9
52 11
52 12
52 13
52 14
52 15
52 18
52 19
52 21
52 22
52 24
52 25
52 27
52 28
52 30
52 31
52 32
52 33
52 34
52 36
52 37
52 38
52 40
52 41
52 43
52 44
52 45
52 46
52 47
52 49
52 50
52 51
52 55
52 56
52 58
54 1
54 5
54 7
54 9
54 11
54 12
54 13
54 14
54 15
54 18
54 19
54 21
54 22
54 25
54 28
54 30
54 31
54 32
54 37
54 40
54 41
54 43
54 45
54 46
54 49
54 55
54 58
55 5
55 9
55 11
55 14
55 30
55 31
55 37
55 45
56 1
56 3
56 5
56 6
56 7
56 9
56 11
56 13
56 14
56 15
56 18
56 19
56 21
56 22
56 24
56 25
56 27
56 28
56 30
56 31
56 32
56 34
56 37
56 40
56 41
56 43
56 44
56 45
56 46
56 47
56 49
56 50
56 51
56 55
56 58
57 0
57 1
57 2
57 3
57 5
57 6
57 7
57 8
57 9
57 11
57 14
57 23
57 30
57 31
57 33
57 34
57 36
57 37
57 39
57 45
57 47
57 51
57 55
58 5
58 9
58 11
58 13
58 14
58 18
58 19
58 22
58 25
58 28
58 30
58 31
58 32
58 37
58 41
58 45
58 49
58 55
59 5
59 14
59 22
59 28
59 31
59 45
59 53
