40 383
0 3
0 7
0 10
0 12
0 15
0 17
0 18
0 27
0 32
0 33
1 10
1 15
1 18
1 25
1 30
1 32
1 33
2 3
2 4
2 5
2 7
2 10
2 11
2 12
2 13
2 15
2 17
2 18
2 20
2 22
2 32
2 33
2 34
2 36
2 38
2 39
3 33
4 3
4 11
4 12
4 15
4 17
4 18
4 20
4 32
4 33
4 36
5 3
5 4
5 7
5 10
5 11
5 12
5 15
5 17
5 18
5 20
5 22
5 32
5 33
5 36
5 39
6 10
6 30
7 3
7 12
7 15
7 18
7 32
7 33
8 3
8 4
8 5
8 7
8 10
8 11
8 12
8 13
8 15
8 17
8 18
8 20
8 22
8 32
8 33
8 34
8 36
8 38
8 39
9 3
9 11
9 12
9 15
9 17
9 18
9 20
9 22
9 32
9 33
9 34
9 36
11 33
12 3
12 15
12 32
12 33
13 3
13 4
13 5
13 7
13 10
13 11
13 12
13 15
13 17
13 18
13 20
13 22
13 32
13 33
13 36
13 39
14 10
14 15
14 18
14 25
14 27
14 30
14 32
14 33
14 37
15 33
16 0
16 2
16 3
16 4
16 5
16 7
16 8
16 9
16 10
16 11
16 12
16 13
16 14
16 15
16 17
16 18
16 20
16 21
16 22
16 25
16 26
16 27
16 29
16 30
16 31
16 32
16 33
16 34
16 35
16 36
16 37
16 38
16 39
17 3
17 12
17 15
17 32
17 33
18 33
19 0
19 3
19 4
19 5
19 7
19 10
19 11
19 12
19 13
19 14
19 15
19 17
19 18
19 20
19 22
19 25
19 27
19 29
19 30
19 31
19 32
19 33
19 36
19 37
19 38
19 39
20 3
20 11
20 15
20 33
21 0
21 2
21 3
21 4
21 5
21 7
21 8
21 9
21 10
21 11
21 12
21 13
21 15
21 17
21 18
21 20
21 22
21 27
21 31
21 32
21 33
21 34
21 35
21 36
21 38
21 39
23 3
23 4
23 9
23 11
23 12
23 15
23 17
23 18
23 20
23 22
23 24
23 26
23 32
23 33
23 34
23 35
23 36
23 39
24 3
24 11
24 12
24 15
24 20
24 22
24 32
24 33
24 34
25 10
25 30
26 3
26 4
26 9
26 11
26 12
26 15
26 17
26 18
26 20
26 22
26 32
26 33
26 34
26 36
27 10
27 15
27 18
27 32
27 33
28 0
28 1
28 3
28 4
28 7
28 10
28 11
28 12
28 14
28 15
28 17
28 18
28 20
28 25
28 27
28 29
28 30
28 31
28 32
28 33
28 36
28 37
28 39
29 0
29 3
29 7
29 10
29 11
29 12
29 15
29 17
29 18
29 20
29 27
29 30
29 31
29 32
29 33
29 37
29 39
31 3
31 7
31 10
31 12
31 15
31 17
31 18
31 32
31 33
32 15
32 33
34 3
34 11
34 12
34 15
34 20
34 22
34 32
34 33
35 3
35 4
35 11
35 12
35 15
35 17
35 18
35 20
35 22
35 32
35 33
35 34
35 36
35 39
36 3
36 11
36 12
36 15
36 20
36 32
36 33
37 10
37 15
37 18
37 32
37 33
38 3
38 4
38 7
38 10
38 11
38 12
38 15
38 17
38 18
38 20
38 22
38 32
38 33
38 36
38 39
39 3
39 11
39 12
39 15
39 17
39 18
39 32
39 33
