20 98
1 8
1 12
1 15
1 20
2 8
2 18
2 19
2 20
3 8
3 19
4 1
4 2
4 3
4 5
4 6
4 8
4 9
4 10
4 11
4 12
4 13
4 15
4 18
4 19
4 20
5 8
5 10
5 12
5 15
5 20
6 8
6 11
6 12
6 15
6 18
6 19
6 20
7 10
7 12
7 13
7 15
7 20
9 8
9 11
9 12
9 15
9 20
10 15
10 20
11 8
11 12
11 15
11 20
12 15
12 20
13 10
13 12
13 15
13 20
14 2
14 3
14 8
14 12
14 15
14 18
14 19
14 20
16 1
16 5
16 7
16 8
16 9
16 10
16 11
16 12
16 13
16 15
16 18
16 20
17 1
17 2
17 3
17 4
17 5
17 6
17 7
17 8
17 9
17 10
17 11
17 12
17 13
17 14
17 15
17 18
17 19
17 20
18 8
