45 207
1 8
2 1
2 3
2 5
2 7
2 8
2 17
2 18
2 20
2 21
2 25
2 27
2 30
3 1
3 5
3 8
3 17
3 20
3 21
3 30
4 1
4 5
4 8
4 11
4 13
4 14
4 17
4 19
4 27
4 30
5 1
5 8
6 1
6 2
6 3
6 5
6 7
6 8
6 9
6 11
6 12
6 14
6 17
6 18
6 19
6 20
6 21
6 23
6 24
6 25
6 27
6 30
7 1
7 3
7 5
7 8
7 17
7 18
7 20
7 21
7 25
7 30
9 1
9 5
9 8
9 11
9 14
9 17
9 19
9 23
9 24
9 27
9 30
10 8
11 8
11 30
12 1
12 5
12 8
12 11
12 14
12 17
12 19
12 21
12 23
12 27
12 30
13 8
14 1
14 8
14 17
14 27
14 30
15 1
15 2
15 3
15 5
15 7
15 8
15 11
15 12
15 14
15 17
15 18
15 19
15 20
15 21
15 23
15 25
15 27
15 30
16 1
16 5
16 8
16 9
16 11
16 12
16 14
16 17
16 19
16 20
16 21
16 23
16 24
16 27
16 30
17 8
17 30
18 8
19 1
19 8
19 11
19 14
19 17
19 27
19 30
20 1
20 5
20 8
20 21
20 30
21 1
21 8
22 1
22 5
22 8
22 18
22 21
22 30
23 1
23 5
23 8
23 14
23 17
23 27
23 30
24 1
24 5
24 8
24 11
24 14
24 17
24 19
24 23
24 27
24 30
25 1
25 5
25 8
25 18
25 20
25 21
25 30
26 1
26 5
26 8
26 11
26 13
26 14
26 17
26 19
26 27
26 30
27 8
27 30
28 1
28 4
28 5
28 8
28 9
28 11
28 13
28 14
28 17
28 19
28 21
28 23
28 24
28 26
28 27
28 30
29 8
29 10
29 11
29 13
29 30
30 8
