25 191
0 1
0 2
0 3
0 4
0 6
0 8
0 10
0 12
0 13
0 16
0 19
0 23
0 24
1 6
1 12
1 13
1 19
2 3
2 6
2 12
2 13
2 16
3 6
3 12
3 13
4 3
4 6
4 12
4 13
4 19
5 3
5 6
5 12
5 13
7 0
7 1
7 2
7 3
7 4
7 5
7 6
7 8
7 10
7 12
7 13
7 16
7 19
7 20
7 21
7 22
7 23
7 24
8 12
8 13
8 19
9 1
9 2
9 3
9 4
9 6
9 8
9 12
9 13
9 15
9 16
9 19
9 20
9 22
9 23
9 24
10 2
10 3
10 4
10 6
10 12
10 13
10 16
10 19
11 0
11 1
11 2
11 3
11 4
11 5
11 6
11 8
11 9
11 10
11 12
11 13
11 15
11 16
11 18
11 19
11 20
11 21
11 22
11 23
11 24
14 0
14 1
14 2
14 3
14 4
14 5
14 6
14 8
14 9
14 10
14 12
14 13
14 15
14 16
14 17
14 19
14 20
14 21
14 22
14 23
14 24
15 6
15 8
15 12
15 13
15 19
15 22
15 24
16 3
16 6
16 12
16 13
17 0
17 1
17 2
17 3
17 4
17 5
17 6
17 8
17 10
17 12
17 13
17 15
17 16
17 19
17 20
17 21
17 22
17 23
17 24
18 13
18 19
20 1
20 2
20 3
20 4
20 6
20 8
20 12
20 13
20 16
20 19
20 23
20 24
21 1
21 2
21 3
21 4
21 6
21 8
21 10
21 12
21 13
21 16
21 19
21 23
21 24
22 13
22 19
23 1
23 3
23 4
23 6
23 12
23 13
23 16
23 19
23 24
24 12
24 13
24 19
