45 222
1 2
1 4
1 8
1 10
1 12
1 13
1 16
1 17
1 21
1 25
1 29
2 4
2 10
2 12
2 13
2 17
2 21
2 25
2 29
3 25
4 25
5 3
5 4
5 6
5 7
5 10
5 11
5 12
5 13
5 16
5 19
5 20
5 21
5 24
5 25
5 26
5 28
5 29
5 30
6 3
6 4
6 7
6 10
6 12
6 16
6 19
6 21
6 25
6 26
6 28
6 29
6 30
7 25
8 17
9 3
9 4
9 6
9 7
9 10
9 12
9 13
9 16
9 19
9 21
9 25
9 26
9 28
9 29
9 30
10 25
11 3
11 4
11 7
11 10
11 12
11 16
11 19
11 20
11 21
11 25
11 26
11 28
11 29
11 30
12 25
12 29
13 29
14 1
14 2
14 3
14 4
14 5
14 6
14 7
14 8
14 9
14 10
14 11
14 12
14 13
14 15
14 16
14 17
14 18
14 19
14 20
14 21
14 22
14 23
14 24
14 25
14 26
14 27
14 28
14 29
14 30
15 2
15 4
15 8
15 10
15 12
15 13
15 17
15 21
15 22
15 25
15 29
16 25
18 2
18 3
18 4
18 6
18 7
18 9
18 10
18 11
18 12
18 13
18 16
18 17
18 19
18 20
18 21
18 23
18 24
18 25
18 26
18 28
18 29
18 30
19 3
19 16
19 25
20 3
20 7
20 16
20 19
20 21
20 25
20 30
21 25
22 8
22 13
22 17
22 25
22 29
23 3
23 4
23 7
23 10
23 12
23 13
23 16
23 19
23 21
23 25
23 28
23 29
24 3
24 7
24 16
24 25
24 30
26 3
26 4
26 7
26 16
26 19
26 21
26 25
26 30
27 1
27 2
27 3
27 4
27 6
27 7
27 8
27 10
27 12
27 13
27 16
27 17
27 19
27 21
27 23
27 25
27 26
27 28
27 29
27 30
28 3
28 4
28 7
28 10
28 12
28 16
28 19
28 21
28 25
28 29
30 25
