45 454
0 1
0 3
0 8
0 11
0 12
0 18
0 19
0 24
0 31
0 41
0 44
2 1
2 3
2 8
2 11
2 12
2 13
2 18
2 19
2 22
2 24
2 26
2 31
2 41
2 44
3 24
3 41
4 1
4 3
4 8
4 9
4 10
4 12
4 13
4 19
4 20
4 23
4 24
4 26
4 27
4 28
4 35
4 37
4 41
4 42
4 44
5 21
5 33
6 0
6 1
6 2
6 3
6 8
6 9
6 11
6 12
6 13
6 14
6 15
6 17
6 18
6 19
6 21
6 22
6 23
6 24
6 26
6 27
6 30
6 31
6 33
6 34
6 35
6 37
6 38
6 41
6 42
6 44
7 0
7 1
7 3
7 5
7 8
7 11
7 12
7 13
7 15
7 18
7 19
7 21
7 22
7 24
7 26
7 30
7 31
7 33
7 38
7 40
7 41
7 44
9 1
9 3
9 8
9 13
9 24
9 26
9 41
10 1
10 8
10 13
10 23
10 24
10 26
11 1
11 3
11 12
11 18
11 19
11 24
11 31
11 41
11 44
13 1
13 8
14 1
14 2
14 3
14 8
14 11
14 12
14 13
14 18
14 19
14 22
14 24
14 26
14 31
14 41
14 44
15 1
15 3
15 8
15 11
15 12
15 18
15 19
15 24
15 31
15 41
15 44
16 1
16 3
16 8
16 9
16 12
16 13
16 18
16 19
16 23
16 24
16 26
16 27
16 35
16 37
16 41
16 42
16 44
17 1
17 3
17 8
17 9
17 12
17 13
17 18
17 19
17 23
17 24
17 26
17 27
17 31
17 35
17 41
17 42
17 44
18 12
19 12
19 24
19 44
20 1
20 8
22 1
22 3
22 8
22 12
22 13
22 18
22 19
22 24
22 31
22 41
22 44
23 1
23 8
23 13
25 0
25 1
25 2
25 3
25 8
25 9
25 11
25 12
25 13
25 14
25 15
25 17
25 18
25 19
25 22
25 23
25 24
25 26
25 27
25 30
25 31
25 33
25 34
25 35
25 37
25 38
25 41
25 42
25 44
26 1
26 8
26 13
26 24
27 1
27 3
27 8
27 9
27 12
27 13
27 24
27 26
27 35
27 41
28 1
28 8
28 10
28 13
28 20
28 23
28 24
28 26
28 37
28 41
28 42
29 1
29 2
29 3
29 8
29 9
29 11
29 12
29 13
29 14
29 16
29 17
29 18
29 19
29 22
29 23
29 24
29 26
29 27
29 31
29 35
29 37
29 41
29 42
29 44
30 1
30 3
30 8
30 11
30 12
30 15
30 18
30 19
30 24
30 31
30 41
30 44
31 12
31 18
31 24
32 5
32 12
32 18
32 19
32 21
32 24
32 31
32 33
32 38
32 40
32 41
32 44
34 0
34 1
34 3
34 8
34 11
34 12
34 13
34 15
34 18
34 19
34 22
34 24
34 26
34 30
34 31
34 38
34 41
34 44
35 1
35 3
35 8
35 13
35 24
35 26
35 41
36 1
36 3
36 8
36 9
36 10
36 12
36 13
36 16
36 18
36 19
36 20
36 23
36 24
36 26
36 27
36 28
36 35
36 37
36 41
36 42
36 44
37 1
37 8
37 13
37 23
37 24
37 26
37 41
38 12
38 18
39 0
39 1
39 2
39 3
39 5
39 6
39 7
39 8
39 9
39 10
39 11
39 12
39 13
39 14
39 15
39 16
39 17
39 18
39 19
39 21
39 22
39 23
39 24
39 25
39 26
39 27
39 29
39 30
39 31
39 32
39 33
39 34
39 35
39 37
39 38
39 40
39 41
39 42
39 44
41 24
42 1
42 8
42 13
42 24
42 26
42 41
43 0
43 1
43 2
43 3
43 5
43 6
43 7
43 8
43 9
43 10
43 11
43 12
43 13
43 14
43 15
43 16
43 17
43 18
43 19
43 20
43 21
43 22
43 23
43 24
43 25
43 26
43 27
43 28
43 29
43 30
43 31
43 32
43 33
43 34
43 35
43 36
43 37
43 38
43 40
43 41
43 42
43 44
44 12
44 24
