45 104
1 2
1 3
1 7
1 8
1 21
2 3
2 8
4 2
4 3
4 7
4 8
4 21
5 2
5 3
5 6
5 8
5 14
5 16
6 2
6 3
6 8
7 2
7 3
7 8
10 3
10 9
10 21
10 23
11 3
11 9
11 12
11 21
11 23
12 3
12 21
13 1
13 2
13 3
13 4
13 6
13 7
13 8
13 9
13 10
13 11
13 12
13 17
13 21
13 22
13 23
14 3
14 8
15 1
15 2
15 3
15 4
15 5
15 6
15 7
15 8
15 9
15 12
15 14
15 16
15 19
15 21
15 22
15 23
18 17
19 2
19 3
19 6
19 7
19 8
20 1
20 2
20 3
20 4
20 5
20 6
20 7
20 8
20 9
20 10
20 11
20 12
20 13
20 14
20 15
20 16
20 17
20 18
20 19
20 21
20 22
20 23
22 2
22 3
22 8
22 9
22 12
22 21
22 23
23 9
