45 517
0 1
0 4
0 19
0 28
0 29
2 1
2 5
2 7
2 8
2 17
2 24
2 29
2 32
2 36
2 41
3 0
3 1
3 4
3 6
3 7
3 8
3 9
3 10
3 11
3 12
3 13
3 14
3 15
3 16
3 17
3 19
3 23
3 24
3 25
3 26
3 27
3 28
3 29
3 31
3 32
3 33
3 34
3 35
3 38
3 39
3 40
3 42
3 44
4 1
4 29
5 24
5 32
6 1
6 4
6 7
6 8
6 9
6 19
6 23
6 28
6 29
6 33
6 40
7 1
7 29
9 1
9 4
9 7
9 8
9 19
9 23
9 29
9 33
10 0
10 1
10 4
10 19
10 28
10 29
11 1
11 4
11 7
11 8
11 14
11 19
11 23
11 29
11 32
11 33
12 1
12 4
12 7
12 8
12 9
12 11
12 14
12 17
12 19
12 23
12 24
12 26
12 28
12 29
12 32
12 33
12 38
12 39
12 40
13 1
13 7
13 8
13 17
13 24
13 29
13 32
13 33
14 1
14 4
14 7
14 8
14 19
14 23
14 29
14 32
14 33
15 0
15 1
15 4
15 6
15 7
15 8
15 9
15 10
15 11
15 14
15 16
15 17
15 19
15 23
15 24
15 25
15 28
15 29
15 32
15 33
15 34
15 40
15 42
15 44
16 0
16 1
16 4
16 7
16 8
16 9
16 19
16 23
16 28
16 29
16 33
16 40
16 44
17 1
17 7
17 8
17 29
17 32
18 1
18 5
18 7
18 8
18 17
18 24
18 29
18 32
18 33
18 36
18 41
19 1
19 4
19 29
20 5
20 8
20 24
20 29
20 32
21 0
21 1
21 4
21 6
21 7
21 8
21 9
21 11
21 12
21 13
21 14
21 17
21 19
21 23
21 24
21 26
21 27
21 28
21 29
21 32
21 33
21 38
21 39
21 40
21 41
22 0
22 1
22 4
22 5
22 6
22 7
22 8
22 9
22 10
22 11
22 12
22 13
22 14
22 16
22 17
22 18
22 19
22 21
22 23
22 24
22 25
22 26
22 27
22 28
22 29
22 31
22 32
22 33
22 36
22 38
22 39
22 40
22 41
22 42
22 44
23 1
23 4
23 7
23 29
23 33
24 32
25 0
25 1
25 4
25 7
25 8
25 19
25 23
25 28
25 29
25 33
25 44
26 1
26 4
26 7
26 8
26 14
26 17
26 19
26 23
26 24
26 29
26 32
26 33
26 38
26 39
27 1
27 4
27 7
27 8
27 9
27 11
27 14
27 17
27 19
27 23
27 24
27 28
27 29
27 32
27 33
27 40
28 1
28 4
28 29
30 0
30 1
30 4
30 5
30 6
30 7
30 8
30 9
30 11
30 12
30 13
30 14
30 16
30 17
30 18
30 19
30 21
30 23
30 24
30 25
30 26
30 27
30 28
30 29
30 31
30 32
30 33
30 36
30 38
30 39
30 40
30 41
30 44
31 0
31 1
31 4
31 6
31 7
31 8
31 9
31 11
31 12
31 14
31 16
31 17
31 19
31 23
31 24
31 26
31 27
31 28
31 29
31 32
31 33
31 38
31 39
31 40
31 44
33 1
33 29
34 0
34 1
34 4
34 6
34 7
34 8
34 9
34 10
34 16
34 19
34 23
34 25
34 28
34 29
34 33
34 40
34 44
35 0
35 1
35 4
35 6
35 7
35 8
35 9
35 10
35 11
35 12
35 13
35 14
35 16
35 17
35 19
35 23
35 24
35 25
35 26
35 27
35 28
35 29
35 31
35 32
35 33
35 38
35 39
35 40
35 42
35 44
36 1
36 7
36 8
36 17
36 24
36 29
36 32
36 41
37 1
37 29
38 1
38 4
38 7
38 8
38 17
38 24
38 29
38 32
38 33
39 1
39 4
39 7
39 8
39 17
39 19
39 23
39 24
39 29
39 32
39 33
40 1
40 4
40 7
40 8
40 9
40 19
40 23
40 28
40 29
40 33
41 1
41 7
41 8
41 24
41 29
41 32
42 0
42 1
42 4
42 6
42 7
42 8
42 9
42 16
42 19
42 23
42 25
42 28
42 29
42 33
42 40
42 44
43 0
43 1
43 2
43 3
43 4
43 5
43 6
43 7
43 8
43 9
43 10
43 11
43 12
43 13
43 14
43 15
43 16
43 17
43 18
43 19
43 20
43 21
43 22
43 23
43 24
43 25
43 26
43 27
43 28
43 29
43 30
43 31
43 32
43 33
43 34
43 35
43 36
43 38
43 39
43 40
43 41
43 42
43 44
44 0
44 1
44 4
44 7
44 19
44 23
44 28
44 29
44 33
