30 251
0 22
1 0
1 3
1 6
1 11
1 15
1 19
1 22
1 23
1 26
1 27
2 6
2 22
3 6
3 19
3 22
4 0
4 6
4 19
4 22
4 26
4 27
4 29
5 2
5 3
5 6
5 15
5 18
5 19
5 22
5 26
5 27
7 2
7 3
7 5
7 6
7 15
7 16
7 18
7 19
7 22
7 26
7 27
8 2
8 3
8 5
8 6
8 14
8 15
8 16
8 18
8 19
8 22
8 26
8 27
9 0
9 2
9 3
9 6
9 11
9 15
9 16
9 18
9 19
9 22
9 23
9 26
9 27
9 28
10 0
10 1
10 3
10 6
10 11
10 15
10 18
10 19
10 22
10 23
10 26
10 27
10 28
11 0
11 6
11 15
11 19
11 22
11 26
11 27
12 2
12 3
12 5
12 6
12 7
12 14
12 15
12 16
12 18
12 19
12 22
12 26
12 27
12 28
13 0
13 1
13 2
13 3
13 5
13 6
13 7
13 9
13 10
13 11
13 14
13 15
13 16
13 17
13 18
13 19
13 20
13 21
13 22
13 23
13 24
13 26
13 27
13 28
13 29
14 2
14 3
14 5
14 6
14 15
14 18
14 19
14 22
14 26
14 27
15 6
15 19
15 22
15 26
16 3
16 6
16 15
16 18
16 19
16 22
16 26
16 27
17 0
17 1
17 3
17 6
17 11
17 15
17 19
17 22
17 23
17 26
17 27
17 28
18 3
18 6
18 15
18 19
18 22
18 26
18 27
19 22
20 0
20 1
20 3
20 6
20 11
20 15
20 18
20 19
20 22
20 23
20 26
20 27
20 28
21 0
21 3
21 6
21 11
21 15
21 18
21 19
21 22
21 23
21 26
21 27
21 28
23 0
23 6
23 15
23 19
23 22
23 26
23 27
24 0
24 2
24 3
24 5
24 6
24 7
24 11
24 15
24 16
24 18
24 19
24 22
24 26
24 27
24 28
25 0
25 2
25 3
25 5
25 6
25 7
25 8
25 11
25 12
25 14
25 15
25 16
25 18
25 19
25 22
25 24
25 26
25 27
25 28
26 6
26 19
26 22
27 6
27 19
27 22
28 3
28 6
28 15
28 19
28 22
28 26
28 27
29 0
29 22
