60 786
1 24
1 33
2 32
2 50
3 1
3 18
3 20
3 21
3 24
3 33
4 1
4 3
4 5
4 6
4 8
4 10
4 11
4 14
4 16
4 17
4 18
4 20
4 21
4 23
4 24
4 26
4 27
4 31
4 32
4 33
4 37
4 38
4 39
4 40
4 41
4 42
4 43
4 44
4 45
4 46
4 48
4 49
4 50
4 52
4 53
4 54
4 55
4 58
4 59
5 21
5 50
6 5
6 16
6 18
6 21
6 32
6 33
6 37
6 39
6 41
6 46
6 48
6 49
6 50
7 2
7 5
7 10
7 12
7 16
7 17
7 18
7 19
7 21
7 22
7 29
7 32
7 33
7 35
7 37
7 39
7 41
7 42
7 45
7 46
7 47
7 48
7 49
7 50
7 51
7 54
7 59
8 1
8 5
8 6
8 10
8 16
8 18
8 21
8 24
8 26
8 27
8 32
8 33
8 37
8 39
8 41
8 43
8 46
8 48
8 49
8 50
8 55
8 58
9 1
9 3
9 18
9 20
9 21
9 24
9 30
9 33
9 41
9 48
9 50
10 5
10 21
10 32
10 48
10 50
11 1
11 5
11 18
11 21
11 24
11 33
11 37
11 41
11 46
11 48
11 49
11 50
11 52
11 55
12 2
12 5
12 10
12 18
12 21
12 29
12 32
12 39
12 42
12 48
12 49
12 50
12 51
12 54
12 59
13 2
13 5
13 10
13 12
13 16
13 17
13 18
13 21
13 26
13 29
13 32
13 33
13 37
13 39
13 41
13 42
13 43
13 45
13 46
13 47
13 48
13 49
13 50
13 51
13 54
13 59
14 1
14 5
14 6
14 8
14 10
14 16
14 18
14 21
14 23
14 24
14 26
14 27
14 32
14 33
14 37
14 39
14 40
14 41
14 42
14 43
14 44
14 45
14 46
14 48
14 49
14 50
14 54
14 55
14 58
14 59
15 1
15 3
15 5
15 18
15 20
15 21
15 24
15 33
15 41
15 48
15 49
15 50
15 53
15 55
16 5
16 18
16 21
16 39
16 48
16 49
16 50
17 5
17 10
17 16
17 18
17 21
17 32
17 33
17 37
17 39
17 41
17 42
17 45
17 46
17 48
17 49
17 50
17 54
17 59
18 21
20 1
20 21
20 24
20 33
22 2
22 5
22 10
22 18
22 21
22 29
22 32
22 39
22 42
22 48
22 49
22 50
22 51
22 54
23 1
23 5
23 6
23 8
23 10
23 16
23 18
23 21
23 24
23 26
23 27
23 32
23 33
23 37
23 39
23 41
23 43
23 44
23 46
23 48
23 49
23 50
23 55
23 58
24 33
25 2
25 5
25 6
25 7
25 10
25 12
25 13
25 16
25 17
25 18
25 19
25 21
25 22
25 26
25 28
25 29
25 32
25 33
25 35
25 36
25 37
25 39
25 40
25 41
25 42
25 43
25 45
25 46
25 47
25 48
25 49
25 50
25 51
25 54
25 56
25 59
26 5
26 10
26 16
26 18
26 21
26 32
26 33
26 37
26 39
26 41
26 46
26 48
26 49
26 50
27 5
27 6
27 10
27 16
27 18
27 21
27 24
27 32
27 33
27 37
27 39
27 41
27 46
27 48
27 49
27 50
28 2
28 5
28 10
28 18
28 19
28 21
28 29
28 32
28 39
28 42
28 48
28 49
28 50
28 51
30 1
30 3
30 18
30 20
30 21
30 24
30 33
30 41
30 48
30 50
31 1
31 3
31 5
31 18
31 20
31 21
31 24
31 33
31 37
31 41
31 48
31 49
31 50
31 55
32 50
34 1
34 3
34 5
34 6
34 10
34 11
34 15
34 16
34 18
34 20
34 21
34 24
34 26
34 27
34 31
34 32
34 33
34 37
34 39
34 41
34 43
34 46
34 48
34 49
34 50
34 52
34 53
34 55
34 58
35 2
35 5
35 10
35 18
35 21
35 22
35 29
35 32
35 39
35 42
35 48
35 49
35 50
35 51
35 54
36 2
36 5
36 10
36 12
36 18
36 19
36 21
36 22
36 29
36 32
36 35
36 39
36 42
36 45
36 48
36 49
36 50
36 51
36 54
36 59
37 5
37 18
37 21
37 48
37 49
37 50
38 1
38 5
38 6
38 8
38 10
38 11
38 16
38 18
38 20
38 21
38 23
38 24
38 26
38 27
38 32
38 33
38 37
38 39
38 40
38 41
38 42
38 43
38 44
38 46
38 48
38 49
38 50
38 52
38 54
38 55
38 58
38 59
39 5
39 18
39 21
39 48
39 50
40 5
40 6
40 10
40 16
40 18
40 21
40 26
40 32
40 33
40 37
40 39
40 41
40 42
40 43
40 46
40 48
40 49
40 50
40 54
40 59
41 18
41 21
41 33
41 48
42 5
42 21
42 32
42 48
42 50
43 5
43 10
43 16
43 18
43 21
43 32
43 33
43 37
43 39
43 41
43 46
43 48
43 49
43 50
44 1
44 5
44 6
44 8
44 10
44 16
44 18
44 21
44 24
44 26
44 27
44 32
44 33
44 37
44 39
44 41
44 43
44 46
44 48
44 49
44 50
44 55
44 58
45 5
45 10
45 18
45 21
45 32
45 39
45 42
45 48
45 49
45 50
45 54
45 59
46 5
46 18
46 21
46 48
46 49
46 50
47 5
47 10
47 18
47 21
47 32
47 39
47 42
47 45
47 48
47 49
47 50
47 54
47 59
48 21
49 5
49 18
49 21
49 48
49 50
51 29
51 50
52 1
52 5
52 18
52 21
52 24
52 33
52 37
52 41
52 46
52 48
52 49
52 50
52 55
53 1
53 3
53 5
53 18
53 20
53 21
53 24
53 33
53 41
53 48
53 50
54 5
54 10
54 18
54 21
54 32
54 39
54 48
54 49
54 50
55 1
55 5
55 18
55 21
55 24
55 33
55 41
55 48
55 49
55 50
56 2
56 5
56 10
56 12
56 16
56 17
56 18
56 21
56 22
56 26
56 29
56 32
56 33
56 37
56 39
56 41
56 42
56 43
56 45
56 46
56 47
56 48
56 49
56 50
56 51
56 54
56 59
57 1
57 2
57 3
57 5
57 6
57 7
57 8
57 10
57 11
57 12
57 13
57 14
57 16
57 17
57 18
57 19
57 20
57 21
57 22
57 23
57 24
57 25
57 26
57 27
57 28
57 29
57 32
57 33
57 35
57 36
57 37
57 38
57 39
57 40
57 41
57 42
57 43
57 44
57 45
57 46
57 47
57 48
57 49
57 50
57 51
57 52
57 54
57 55
57 56
57 58
57 59
58 1
58 5
58 6
58 10
58 16
58 18
58 21
58 24
58 32
58 33
58 37
58 39
58 41
58 46
58 48
58 49
58 50
58 55
59 5
59 10
59 18
59 21
59 32
59 39
59 48
59 49
59 50
60 1
60 3
60 5
60 6
60 11
60 15
60 16
60 18
60 20
60 21
60 24
60 31
60 32
60 33
60 37
60 39
60 41
60 46
60 48
60 49
60 50
60 52
60 53
60 55
