65 986
0 2
0 3
0 4
0 7
0 8
0 9
0 11
0 13
0 14
0 15
0 16
0 20
0 22
0 23
0 25
0 28
0 30
0 31
0 32
0 37
0 39
0 40
0 42
0 43
0 44
0 47
0 48
0 49
0 51
0 52
0 53
0 55
0 56
0 58
0 59
0 62
0 64
1 3
1 6
1 7
1 9
1 13
1 15
1 21
1 22
1 23
1 28
1 31
1 32
1 33
1 39
1 40
1 43
1 45
1 48
1 49
1 52
1 58
1 60
1 61
1 62
1 64
2 7
2 15
2 22
2 48
2 49
2 58
3 9
3 13
3 40
3 64
4 22
4 47
4 48
5 22
5 47
5 48
6 3
6 9
6 13
6 22
6 40
6 60
6 64
7 15
7 22
7 48
8 2
8 3
8 7
8 9
8 13
8 15
8 22
8 23
8 28
8 31
8 32
8 37
8 39
8 40
8 48
8 49
8 52
8 58
8 62
8 64
10 2
10 3
10 6
10 7
10 8
10 9
10 11
10 13
10 14
10 15
10 16
10 22
10 23
10 25
10 28
10 30
10 31
10 32
10 33
10 34
10 37
10 38
10 39
10 40
10 41
10 42
10 43
10 44
10 45
10 47
10 48
10 49
10 51
10 52
10 53
10 56
10 58
10 59
10 60
10 62
10 64
11 2
11 7
11 15
11 22
11 48
11 49
11 58
12 9
12 13
12 40
12 60
14 15
14 22
14 48
14 58
15 22
16 2
16 3
16 7
16 8
16 9
16 11
16 13
16 14
16 15
16 22
16 23
16 28
16 30
16 31
16 32
16 37
16 39
16 40
16 42
16 47
16 48
16 49
16 52
16 53
16 58
16 62
16 64
17 2
17 3
17 4
17 5
17 7
17 9
17 11
17 13
17 14
17 15
17 20
17 22
17 23
17 28
17 29
17 30
17 31
17 32
17 37
17 39
17 40
17 42
17 46
17 47
17 48
17 49
17 51
17 53
17 55
17 56
17 58
17 62
17 63
17 64
18 2
18 3
18 4
18 5
18 7
18 8
18 9
18 11
18 13
18 14
18 15
18 16
18 20
18 22
18 23
18 25
18 28
18 29
18 30
18 31
18 32
18 37
18 39
18 40
18 42
18 43
18 44
18 47
18 48
18 49
18 51
18 52
18 53
18 55
18 56
18 58
18 59
18 62
18 64
19 3
19 9
19 12
19 13
19 40
19 60
19 64
20 2
20 3
20 4
20 7
20 9
20 11
20 13
20 14
20 15
20 22
20 23
20 28
20 30
20 31
20 32
20 37
20 39
20 40
20 42
20 47
20 48
20 49
20 51
20 53
20 55
20 56
20 58
20 62
20 64
21 3
21 6
21 9
21 13
21 22
21 23
21 33
21 40
21 60
21 64
23 22
23 40
24 2
24 3
24 7
24 8
24 9
24 11
24 13
24 14
24 15
24 16
24 22
24 23
24 25
24 28
24 30
24 31
24 32
24 34
24 37
24 39
24 40
24 42
24 43
24 44
24 45
24 47
24 48
24 49
24 51
24 52
24 53
24 56
24 58
24 59
24 62
24 64
25 2
25 3
25 7
25 8
25 9
25 11
25 13
25 14
25 15
25 22
25 23
25 28
25 30
25 31
25 32
25 37
25 39
25 40
25 42
25 43
25 47
25 48
25 49
25 52
25 58
25 59
25 62
25 64
26 47
26 48
27 3
27 6
27 7
27 9
27 13
27 15
27 21
27 22
27 23
27 28
27 31
27 32
27 33
27 37
27 39
27 40
27 43
27 45
27 48
27 49
27 52
27 58
27 60
27 61
27 62
27 64
28 9
28 13
28 15
28 22
28 23
28 32
28 40
28 49
28 62
28 64
29 4
29 5
29 7
29 14
29 15
29 22
29 47
29 48
29 58
30 2
30 7
30 15
30 22
30 31
30 40
30 48
30 49
30 58
31 15
31 22
31 48
31 49
32 9
32 13
32 15
32 22
32 23
32 40
32 49
33 3
33 6
33 9
33 13
33 22
33 23
33 40
33 60
33 64
34 2
34 3
34 7
34 8
34 9
34 11
34 13
34 14
34 15
34 22
34 23
34 25
34 28
34 30
34 31
34 32
34 37
34 39
34 40
34 42
34 43
34 47
34 48
34 49
34 52
34 58
34 59
34 62
34 64
35 0
35 2
35 3
35 4
35 5
35 6
35 7
35 8
35 9
35 11
35 13
35 14
35 15
35 16
35 17
35 18
35 20
35 22
35 23
35 24
35 25
35 28
35 29
35 30
35 31
35 32
35 33
35 34
35 37
35 38
35 39
35 40
35 42
35 43
35 44
35 45
35 46
35 47
35 48
35 49
35 50
35 51
35 52
35 53
35 54
35 55
35 56
35 57
35 58
35 59
35 60
35 62
35 63
35 64
36 2
36 4
36 5
36 7
36 9
36 11
36 13
36 14
36 15
36 22
36 23
36 26
36 28
36 29
36 30
36 31
36 32
36 40
36 42
36 46
36 47
36 48
36 49
36 51
36 53
36 55
36 57
36 58
36 62
36 63
36 64
37 3
37 7
37 9
37 13
37 15
37 22
37 23
37 28
37 31
37 32
37 40
37 48
37 49
37 58
37 62
37 64
38 3
38 6
38 7
38 9
38 13
38 15
38 22
38 23
38 28
38 31
38 32
38 33
38 37
38 39
38 40
38 43
38 45
38 48
38 49
38 52
38 58
38 60
38 62
38 64
39 3
39 9
39 13
39 22
39 23
39 40
39 64
41 2
41 3
41 6
41 7
41 8
41 9
41 11
41 13
41 14
41 15
41 22
41 23
41 28
41 30
41 31
41 32
41 33
41 37
41 38
41 39
41 40
41 42
41 43
41 45
41 47
41 48
41 49
41 52
41 58
41 60
41 62
41 64
42 2
42 7
42 11
42 14
42 15
42 22
42 30
42 31
42 40
42 47
42 48
42 49
42 58
43 3
43 7
43 9
43 13
43 15
43 22
43 23
43 28
43 31
43 32
43 39
43 40
43 48
43 49
43 52
43 58
43 62
43 64
44 2
44 3
44 7
44 8
44 9
44 11
44 13
44 14
44 15
44 16
44 22
44 23
44 28
44 30
44 31
44 32
44 37
44 39
44 40
44 42
44 47
44 48
44 49
44 51
44 52
44 53
44 56
44 58
44 59
44 62
44 64
45 3
45 7
45 9
45 13
45 15
45 22
45 23
45 28
45 31
45 32
45 39
45 40
45 48
45 49
45 52
45 62
45 64
46 2
46 4
46 5
46 7
46 9
46 11
46 13
46 14
46 15
46 22
46 23
46 29
46 30
46 31
46 40
46 42
46 47
46 48
46 49
46 51
46 53
46 58
46 62
49 22
50 2
50 3
50 4
50 7
50 8
50 9
50 11
50 13
50 14
50 15
50 16
50 22
50 23
50 24
50 25
50 28
50 30
50 31
50 32
50 34
50 37
50 39
50 40
50 42
50 43
50 44
50 45
50 47
50 48
50 49
50 51
50 52
50 53
50 56
50 58
50 59
50 62
50 64
51 2
51 7
51 11
51 14
51 15
51 22
51 47
51 48
51 49
51 58
52 3
52 7
52 9
52 13
52 15
52 22
52 23
52 28
52 31
52 32
52 39
52 40
52 48
52 49
52 62
52 64
53 2
53 7
53 11
53 14
53 15
53 22
53 31
53 47
53 48
53 49
53 58
54 2
54 3
54 4
54 5
54 7
54 8
54 9
54 11
54 13
54 14
54 15
54 17
54 20
54 22
54 23
54 28
54 29
54 30
54 31
54 32
54 37
54 39
54 40
54 42
54 46
54 47
54 48
54 49
54 51
54 52
54 53
54 55
54 56
54 57
54 58
54 62
54 63
54 64
55 2
55 4
55 7
55 9
55 11
55 13
55 14
55 15
55 22
55 23
55 30
55 31
55 32
55 40
55 42
55 47
55 48
55 49
55 51
55 53
55 58
55 62
56 2
56 3
56 7
56 9
56 11
56 13
56 14
56 15
56 22
56 23
56 28
56 30
56 31
56 32
56 37
56 39
56 40
56 42
56 47
56 48
56 49
56 53
56 58
56 62
56 64
57 2
57 4
57 5
57 7
57 11
57 14
57 15
57 22
57 29
57 47
57 48
57 49
57 51
57 58
58 15
58 22
58 48
59 2
59 3
59 7
59 8
59 9
59 11
59 13
59 14
59 15
59 22
59 23
59 28
59 30
59 31
59 32
59 37
59 39
59 40
59 42
59 47
59 48
59 49
59 52
59 58
59 62
59 64
60 9
61 3
61 6
61 9
61 13
61 22
61 40
61 60
61 64
62 13
62 15
62 22
62 23
62 40
62 49
63 2
63 4
63 5
63 7
63 11
63 14
63 15
63 22
63 29
63 31
63 47
63 48
63 49
63 51
63 53
63 58
64 9
64 13
64 40
