30 278
0 2
0 3
0 4
0 5
0 7
0 10
0 11
0 12
0 13
0 14
0 16
0 18
0 19
0 24
0 25
0 26
0 27
0 28
0 29
1 3
1 4
1 5
1 7
1 9
1 11
1 13
1 14
1 21
1 25
1 27
1 29
2 4
2 5
2 7
2 11
2 26
2 27
2 28
2 29
3 4
3 11
3 14
3 25
3 27
5 4
5 7
5 27
6 2
6 3
6 4
6 5
6 7
6 11
6 12
6 13
6 14
6 16
6 18
6 21
6 24
6 25
6 26
6 27
6 28
6 29
7 4
8 2
8 3
8 4
8 5
8 7
8 10
8 11
8 12
8 13
8 14
8 16
8 18
8 19
8 24
8 25
8 26
8 27
8 28
8 29
9 11
9 25
9 27
10 2
10 4
10 5
10 7
10 11
10 12
10 13
10 14
10 16
10 18
10 25
10 26
10 27
10 28
10 29
12 2
12 4
12 5
12 7
12 11
12 13
12 26
12 27
12 28
12 29
13 4
13 7
13 11
13 27
14 4
14 11
14 25
14 27
15 2
15 3
15 4
15 5
15 6
15 7
15 9
15 11
15 12
15 13
15 14
15 16
15 18
15 21
15 24
15 25
15 26
15 27
15 28
15 29
16 4
16 7
16 26
16 27
17 0
17 2
17 3
17 4
17 5
17 6
17 7
17 9
17 10
17 11
17 12
17 13
17 14
17 16
17 18
17 19
17 21
17 24
17 25
17 26
17 27
17 28
17 29
18 4
18 5
18 7
18 11
18 13
18 25
18 26
18 27
18 29
19 4
19 7
19 16
19 26
19 27
19 29
20 3
20 4
20 5
20 7
20 9
20 11
20 13
20 14
20 25
20 27
20 29
21 3
21 4
21 5
21 7
21 11
21 13
21 14
21 25
21 27
21 29
22 1
22 2
22 3
22 4
22 5
22 6
22 7
22 9
22 10
22 11
22 12
22 13
22 14
22 15
22 16
22 18
22 20
22 21
22 24
22 25
22 26
22 27
22 28
22 29
23 0
23 1
23 2
23 3
23 4
23 5
23 6
23 7
23 9
23 10
23 11
23 12
23 13
23 14
23 15
23 16
23 18
23 19
23 20
23 21
23 22
23 24
23 25
23 26
23 27
23 28
23 29
24 4
24 5
24 7
24 11
24 13
24 14
24 18
24 25
24 26
24 27
24 29
25 11
26 4
26 7
28 4
28 5
28 7
28 26
28 27
28 29
29 4
29 7
29 27
