35 289
1 7
1 8
1 11
1 14
1 20
1 27
1 33
2 33
3 1
3 5
3 7
3 8
3 11
3 14
3 16
3 17
3 18
3 20
3 25
3 27
3 28
3 33
3 34
4 5
4 11
4 20
4 28
4 34
5 11
5 20
5 28
6 1
6 2
6 3
6 4
6 5
6 7
6 8
6 9
6 10
6 11
6 13
6 14
6 15
6 16
6 17
6 18
6 19
6 20
6 21
6 23
6 24
6 25
6 26
6 27
6 28
6 29
6 30
6 32
6 33
6 34
7 8
7 14
7 20
7 27
8 14
8 20
8 27
9 2
9 16
9 33
10 7
10 8
10 11
10 14
10 16
10 20
10 24
10 27
10 33
12 2
12 33
13 2
13 9
13 16
13 20
13 21
13 27
13 33
14 20
14 27
15 1
15 2
15 3
15 5
15 7
15 8
15 9
15 10
15 11
15 13
15 14
15 16
15 17
15 18
15 19
15 20
15 21
15 24
15 25
15 26
15 27
15 28
15 29
15 32
15 33
15 34
16 33
17 5
17 11
17 20
17 28
18 7
18 8
18 11
18 14
18 20
18 27
18 33
19 1
19 2
19 5
19 7
19 8
19 9
19 10
19 11
19 14
19 16
19 17
19 18
19 20
19 21
19 24
19 25
19 27
19 28
19 33
19 34
21 2
21 9
21 16
21 20
21 27
21 33
22 4
22 5
22 7
22 8
22 11
22 14
22 17
22 18
22 20
22 25
22 27
22 28
22 29
22 30
22 33
22 34
23 1
23 2
23 3
23 4
23 5
23 7
23 8
23 10
23 11
23 14
23 16
23 17
23 18
23 20
23 24
23 25
23 27
23 28
23 29
23 33
23 34
24 8
24 14
24 16
24 20
24 27
24 33
25 5
25 11
25 20
25 27
25 28
26 1
26 2
26 5
26 7
26 8
26 9
26 10
26 11
26 13
26 14
26 16
26 17
26 18
26 19
26 20
26 21
26 24
26 25
26 27
26 28
26 32
26 33
26 34
27 20
29 5
29 11
29 17
29 20
29 28
29 34
30 4
30 5
30 7
30 8
30 11
30 14
30 17
30 18
30 20
30 25
30 27
30 28
30 29
30 33
30 34
31 11
31 20
31 28
32 2
32 7
32 8
32 9
32 10
32 11
32 13
32 14
32 16
32 20
32 21
32 24
32 27
32 33
34 5
34 11
34 20
34 28
35 1
35 3
35 4
35 5
35 7
35 8
35 11
35 14
35 16
35 17
35 18
35 20
35 22
35 25
35 27
35 28
35 29
35 30
35 33
35 34
