80 1498
1 9
1 11
1 13
1 21
1 29
1 34
1 40
1 61
1 62
1 63
1 75
1 80
2 5
2 6
2 9
2 10
2 11
2 13
2 19
2 21
2 29
2 32
2 33
2 34
2 40
2 41
2 54
2 55
2 61
2 62
2 63
2 66
2 68
2 80
3 1
3 5
3 6
3 7
3 8
3 9
3 10
3 11
3 12
3 13
3 16
3 17
3 20
3 21
3 22
3 25
3 26
3 27
3 28
3 29
3 31
3 32
3 33
3 34
3 35
3 39
3 40
3 41
3 42
3 43
3 44
3 45
3 46
3 47
3 48
3 49
3 50
3 51
3 52
3 54
3 55
3 57
3 59
3 60
3 61
3 62
3 63
3 64
3 65
3 66
3 68
3 69
3 70
3 71
3 73
3 74
3 75
3 78
3 79
3 80
4 5
4 11
4 19
4 29
4 33
4 34
4 40
4 54
4 55
4 62
5 11
5 34
6 5
6 9
6 10
6 11
6 13
6 29
6 33
6 34
6 40
6 61
6 62
6 63
6 80
7 8
7 9
7 21
7 40
7 52
7 61
7 71
7 75
8 40
8 61
8 75
9 40
10 11
10 29
10 33
10 34
10 40
10 62
13 9
13 34
13 40
13 61
13 62
14 1
14 2
14 5
14 6
14 9
14 10
14 11
14 13
14 19
14 21
14 24
14 29
14 32
14 33
14 34
14 40
14 41
14 54
14 55
14 60
14 61
14 62
14 63
14 66
14 68
14 75
14 80
15 5
15 10
15 11
15 19
15 29
15 32
15 33
15 34
15 40
15 54
15 55
15 62
16 7
16 8
16 9
16 12
16 21
16 26
16 28
16 31
16 40
16 52
16 61
16 62
16 69
16 71
16 75
17 12
17 26
18 2
18 5
18 6
18 9
18 10
18 11
18 13
18 15
18 19
18 21
18 24
18 29
18 30
18 32
18 33
18 34
18 40
18 41
18 54
18 55
18 61
18 62
18 63
18 66
18 68
18 75
18 80
19 5
19 11
19 29
19 33
19 34
19 40
19 54
19 55
19 62
20 12
20 26
20 28
20 40
20 47
20 49
20 52
20 61
20 71
20 75
21 40
21 61
22 1
22 5
22 6
22 7
22 8
22 9
22 10
22 11
22 13
22 21
22 26
22 27
22 29
22 31
22 33
22 34
22 40
22 41
22 43
22 44
22 45
22 46
22 48
22 52
22 54
22 55
22 59
22 60
22 61
22 62
22 63
22 68
22 69
22 70
22 71
22 75
22 80
23 1
23 2
23 5
23 6
23 7
23 8
23 9
23 10
23 11
23 12
23 13
23 14
23 15
23 16
23 19
23 20
23 21
23 22
23 24
23 25
23 26
23 27
23 28
23 29
23 30
23 31
23 32
23 33
23 34
23 36
23 38
23 40
23 41
23 43
23 44
23 45
23 46
23 47
23 48
23 49
23 50
23 51
23 52
23 54
23 55
23 56
23 57
23 58
23 59
23 60
23 61
23 62
23 63
23 66
23 67
23 68
23 69
23 70
23 71
23 74
23 75
23 76
23 79
23 80
24 2
24 5
24 6
24 9
24 10
24 11
24 13
24 19
24 21
24 29
24 32
24 33
24 34
24 40
24 41
24 54
24 55
24 61
24 62
24 63
24 66
24 68
24 75
24 80
25 1
25 5
25 6
25 7
25 8
25 9
25 10
25 11
25 13
25 21
25 29
25 33
25 34
25 40
25 41
25 43
25 46
25 52
25 54
25 55
25 60
25 61
25 62
25 63
25 66
25 68
25 69
25 70
25 71
25 75
25 80
27 1
27 5
27 6
27 7
27 8
27 9
27 10
27 11
27 13
27 21
27 29
27 33
27 34
27 40
27 43
27 46
27 52
27 61
27 62
27 63
27 68
27 69
27 70
27 71
27 75
27 80
28 12
28 26
28 61
28 75
29 34
29 40
29 62
30 5
30 9
30 10
30 11
30 15
30 19
30 29
30 32
30 33
30 34
30 40
30 54
30 55
30 61
30 62
30 63
31 8
31 21
31 26
31 40
31 52
31 61
31 71
31 75
32 5
32 10
32 11
32 29
32 33
32 34
32 40
32 54
32 55
32 62
33 11
33 29
33 34
33 40
33 62
35 1
35 5
35 7
35 8
35 9
35 10
35 11
35 12
35 13
35 16
35 20
35 21
35 26
35 28
35 29
35 31
35 33
35 34
35 40
35 43
35 44
35 47
35 49
35 51
35 52
35 57
35 61
35 62
35 63
35 69
35 70
35 71
35 74
35 75
35 79
35 80
36 1
36 2
36 5
36 6
36 7
36 8
36 9
36 10
36 11
36 13
36 19
36 21
36 24
36 29
36 32
36 33
36 34
36 40
36 41
36 43
36 52
36 54
36 55
36 60
36 61
36 62
36 63
36 66
36 68
36 71
36 75
36 76
36 80
37 1
37 2
37 4
37 5
37 6
37 8
37 9
37 10
37 11
37 13
37 14
37 15
37 18
37 19
37 21
37 24
37 29
37 30
37 32
37 33
37 34
37 40
37 41
37 54
37 55
37 60
37 61
37 62
37 63
37 66
37 68
37 75
37 77
37 80
38 1
38 2
38 5
38 6
38 7
38 8
38 9
38 10
38 11
38 13
38 19
38 21
38 22
38 24
38 25
38 26
38 27
38 29
38 31
38 32
38 33
38 34
38 36
38 40
38 41
38 43
38 44
38 45
38 46
38 48
38 51
38 52
38 54
38 55
38 57
38 58
38 59
38 60
38 61
38 62
38 63
38 66
38 68
38 69
38 70
38 71
38 75
38 76
38 80
39 1
39 5
39 6
39 7
39 8
39 9
39 10
39 11
39 12
39 13
39 16
39 17
39 20
39 21
39 22
39 25
39 26
39 27
39 28
39 29
39 31
39 33
39 34
39 35
39 40
39 41
39 42
39 43
39 44
39 45
39 46
39 47
39 48
39 49
39 50
39 51
39 52
39 54
39 55
39 57
39 59
39 60
39 61
39 62
39 63
39 65
39 66
39 68
39 69
39 70
39 71
39 74
39 75
39 79
39 80
41 5
41 6
41 9
41 10
41 11
41 13
41 21
41 29
41 33
41 34
41 40
41 61
41 62
41 63
41 68
41 80
42 7
42 8
42 9
42 11
42 12
42 13
42 16
42 20
42 21
42 26
42 28
42 29
42 31
42 34
42 40
42 47
42 49
42 52
42 57
42 61
42 62
42 63
42 69
42 70
42 71
42 75
42 79
42 80
43 1
43 5
43 8
43 9
43 10
43 11
43 13
43 21
43 29
43 33
43 34
43 40
43 61
43 62
43 63
43 75
43 80
44 1
44 7
44 8
44 9
44 11
44 13
44 21
44 29
44 34
44 40
44 52
44 61
44 62
44 63
44 69
44 70
44 71
44 75
44 80
45 1
45 5
45 6
45 7
45 8
45 9
45 10
45 11
45 13
45 21
45 26
45 27
45 29
45 33
45 34
45 40
45 41
45 43
45 44
45 46
45 48
45 52
45 54
45 55
45 59
45 60
45 61
45 62
45 63
45 68
45 69
45 70
45 71
45 75
45 80
46 1
46 5
46 7
46 8
46 9
46 10
46 11
46 13
46 21
46 29
46 33
46 34
46 40
46 43
46 52
46 61
46 62
46 63
46 71
46 75
46 80
47 12
47 26
47 75
48 1
48 5
48 6
48 7
48 8
48 9
48 10
48 11
48 13
48 21
48 29
48 33
48 34
48 40
48 43
48 44
48 46
48 52
48 61
48 62
48 63
48 69
48 70
48 71
48 75
48 80
49 12
49 26
49 61
49 75
50 1
50 5
50 6
50 7
50 8
50 9
50 10
50 11
50 13
50 21
50 26
50 27
50 29
50 31
50 33
50 34
50 40
50 43
50 44
50 46
50 48
50 51
50 52
50 57
50 59
50 61
50 62
50 63
50 68
50 69
50 70
50 71
50 75
50 80
51 1
51 7
51 8
51 9
51 11
51 13
51 21
51 26
51 29
51 31
51 34
51 40
51 52
51 61
51 62
51 63
51 69
51 70
51 71
51 75
51 80
52 40
52 61
52 71
52 75
53 1
53 5
53 6
53 7
53 8
53 9
53 10
53 11
53 12
53 13
53 16
53 17
53 19
53 20
53 21
53 22
53 25
53 26
53 27
53 28
53 29
53 31
53 32
53 33
53 34
53 35
53 40
53 41
53 42
53 43
53 44
53 45
53 46
53 47
53 48
53 49
53 50
53 51
53 52
53 54
53 55
53 56
53 57
53 59
53 60
53 61
53 62
53 63
53 65
53 66
53 68
53 69
53 70
53 71
53 74
53 75
53 76
53 79
53 80
54 5
54 11
54 34
55 11
55 34
56 1
56 5
56 6
56 7
56 8
56 9
56 10
56 11
56 13
56 19
56 21
56 22
56 25
56 26
56 27
56 29
56 31
56 32
56 33
56 34
56 40
56 41
56 43
56 44
56 45
56 46
56 48
56 51
56 52
56 54
56 55
56 57
56 59
56 60
56 61
56 62
56 63
56 66
56 68
56 69
56 70
56 71
56 75
56 80
57 7
57 8
57 9
57 21
57 26
57 31
57 40
57 52
57 61
57 62
57 69
57 71
57 75
58 1
58 2
58 5
58 6
58 7
58 8
58 9
58 10
58 11
58 13
58 19
58 21
58 25
58 26
58 27
58 29
58 32
58 33
58 34
58 40
58 41
58 43
58 44
58 46
58 48
58 52
58 54
58 55
58 59
58 60
58 61
58 62
58 63
58 66
58 68
58 69
58 70
58 71
58 75
58 76
58 80
59 1
59 5
59 6
59 7
59 8
59 9
59 10
59 11
59 13
59 21
59 27
59 29
59 33
59 34
59 40
59 43
59 46
59 52
59 61
59 62
59 63
59 68
59 69
59 70
59 71
59 75
59 80
60 1
60 5
60 6
60 9
60 10
60 11
60 13
60 21
60 29
60 33
60 34
60 40
60 41
60 54
60 55
60 61
60 62
60 63
60 68
60 75
60 80
62 40
63 29
63 34
63 40
63 62
64 12
64 17
64 26
64 28
64 47
64 49
64 61
64 71
64 75
65 1
65 5
65 6
65 7
65 8
65 9
65 10
65 11
65 12
65 13
65 16
65 20
65 21
65 26
65 28
65 29
65 31
65 33
65 34
65 40
65 43
65 44
65 46
65 47
65 48
65 49
65 51
65 52
65 57
65 61
65 62
65 63
65 69
65 70
65 71
65 74
65 75
65 79
65 80
66 5
66 6
66 9
66 10
66 11
66 13
66 29
66 33
66 34
66 40
66 54
66 55
66 61
66 62
66 63
66 80
67 1
67 2
67 5
67 6
67 7
67 8
67 9
67 10
67 11
67 13
67 14
67 15
67 19
67 21
67 24
67 25
67 27
67 29
67 32
67 33
67 34
67 36
67 40
67 41
67 43
67 46
67 52
67 54
67 55
67 59
67 60
67 61
67 62
67 63
67 66
67 68
67 69
67 70
67 71
67 75
67 76
67 80
68 5
68 6
68 9
68 10
68 11
68 13
68 29
68 33
68 34
68 40
68 61
68 62
68 63
68 80
69 7
69 8
69 9
69 21
69 40
69 52
69 61
69 71
69 75
70 7
70 8
70 9
70 11
70 13
70 21
70 29
70 34
70 40
70 52
70 61
70 62
70 63
70 71
70 75
70 80
71 61
71 75
72 1
72 2
72 4
72 5
72 6
72 7
72 8
72 9
72 10
72 11
72 12
72 13
72 14
72 15
72 16
72 17
72 18
72 19
72 20
72 21
72 22
72 23
72 24
72 25
72 26
72 27
72 28
72 29
72 30
72 31
72 32
72 33
72 34
72 35
72 36
72 37
72 38
72 40
72 41
72 42
72 43
72 44
72 45
72 46
72 47
72 48
72 49
72 50
72 51
72 52
72 54
72 55
72 56
72 57
72 58
72 59
72 60
72 61
72 62
72 63
72 65
72 66
72 67
72 68
72 69
72 70
72 71
72 74
72 75
72 76
72 77
72 79
72 80
73 12
73 17
73 26
73 47
73 75
74 1
74 7
74 8
74 9
74 10
74 11
74 12
74 13
74 21
74 26
74 28
74 29
74 31
74 33
74 34
74 40
74 44
74 51
74 52
74 57
74 61
74 62
74 63
74 69
74 70
74 71
74 75
74 80
76 1
76 5
76 6
76 8
76 9
76 10
76 11
76 13
76 19
76 21
76 29
76 32
76 33
76 34
76 40
76 41
76 43
76 54
76 55
76 60
76 61
76 62
76 63
76 66
76 68
76 75
76 80
77 2
77 5
77 6
77 9
77 10
77 11
77 13
77 15
77 19
77 21
77 24
77 29
77 30
77 32
77 33
77 34
77 40
77 41
77 54
77 55
77 61
77 62
77 63
77 66
77 68
77 75
77 80
78 1
78 5
78 6
78 7
78 8
78 9
78 10
78 11
78 12
78 13
78 16
78 17
78 20
78 21
78 26
78 28
78 29
78 31
78 33
78 34
78 35
78 40
78 42
78 43
78 44
78 46
78 47
78 48
78 49
78 51
78 52
78 57
78 61
78 62
78 63
78 64
78 65
78 68
78 69
78 70
78 71
78 73
78 74
78 75
78 79
78 80
79 7
79 8
79 9
79 12
79 21
79 26
79 28
79 31
79 40
79 49
79 52
79 61
79 69
79 71
79 75
80 9
80 29
80 34
80 40
80 61
80 62
