40 153
2 1
2 3
4 1
4 3
4 7
4 8
4 13
5 7
5 13
5 27
6 1
6 3
6 8
6 12
6 13
6 19
8 1
8 3
9 1
9 3
9 4
9 5
9 7
9 8
9 11
9 12
9 13
9 17
9 19
9 21
9 23
9 26
9 27
10 1
10 3
10 4
10 5
10 6
10 7
10 8
10 12
10 13
10 17
10 19
10 22
10 23
10 26
10 27
11 1
11 3
11 4
11 5
11 7
11 8
11 13
11 17
11 23
11 26
11 27
12 1
12 3
12 8
12 13
12 19
15 1
15 3
15 6
15 8
15 12
15 13
15 19
15 20
16 1
16 3
16 8
16 19
16 20
17 7
17 13
17 27
18 1
18 3
18 6
18 8
18 12
18 13
18 16
18 19
18 20
19 1
19 3
19 8
20 1
20 3
20 8
21 1
21 3
21 5
21 7
21 13
21 17
21 23
21 26
21 27
22 1
22 3
22 4
22 7
22 8
22 12
22 13
22 19
23 7
23 27
24 1
24 2
24 3
24 4
24 5
24 6
24 7
24 8
24 10
24 12
24 13
24 15
24 16
24 17
24 18
24 19
24 20
24 22
24 23
24 25
24 26
24 27
25 1
25 3
25 4
25 5
25 6
25 7
25 8
25 12
25 13
25 17
25 19
25 22
25 23
25 26
25 27
26 7
26 13
