55 754
1 3
1 4
1 18
1 34
1 46
2 1
2 3
2 4
2 6
2 8
2 15
2 18
2 20
2 21
2 22
2 34
2 35
2 41
2 44
2 46
2 48
2 49
2 53
2 54
3 4
5 1
5 3
5 4
5 6
5 8
5 9
5 11
5 15
5 18
5 20
5 22
5 34
5 35
5 41
5 44
5 46
5 48
5 49
5 53
5 55
6 1
6 3
6 4
6 8
6 18
6 20
6 22
6 34
6 35
6 44
6 46
6 48
6 49
6 53
7 1
7 3
7 4
7 13
7 14
7 15
7 17
7 18
7 21
7 23
7 26
7 28
7 30
7 33
7 34
7 35
7 36
7 38
7 40
7 41
7 42
7 45
7 46
7 47
7 48
7 50
7 54
9 1
9 3
9 4
9 8
9 11
9 18
9 20
9 22
9 34
9 35
9 44
9 46
9 49
9 53
10 1
10 3
10 4
10 6
10 8
10 12
10 15
10 18
10 20
10 21
10 22
10 26
10 34
10 35
10 41
10 44
10 46
10 48
10 49
10 53
10 54
11 4
11 8
11 18
11 20
11 34
12 1
12 3
12 4
12 15
12 18
12 21
12 34
12 35
12 41
12 46
12 48
12 54
13 3
13 4
13 21
13 47
13 48
14 3
14 4
14 17
14 18
14 21
14 38
14 47
14 48
15 3
15 4
15 18
15 34
15 35
15 48
16 1
16 3
16 4
16 12
16 15
16 17
16 18
16 20
16 21
16 26
16 30
16 33
16 34
16 35
16 40
16 41
16 46
16 47
16 48
16 50
16 54
17 3
17 4
17 21
17 48
18 4
19 1
19 2
19 3
19 4
19 6
19 8
19 10
19 11
19 12
19 13
19 14
19 15
19 16
19 17
19 18
19 20
19 21
19 22
19 23
19 24
19 25
19 26
19 27
19 28
19 30
19 31
19 32
19 33
19 34
19 35
19 36
19 37
19 38
19 39
19 40
19 41
19 42
19 43
19 44
19 46
19 47
19 48
19 49
19 50
19 51
19 53
19 54
20 4
20 18
20 34
21 48
22 4
22 8
22 18
22 20
22 34
23 3
23 4
23 17
23 18
23 21
23 34
23 35
23 40
23 41
23 47
23 48
24 1
24 3
24 4
24 8
24 12
24 13
24 14
24 15
24 16
24 17
24 18
24 20
24 21
24 22
24 23
24 25
24 26
24 27
24 28
24 30
24 31
24 32
24 33
24 34
24 35
24 36
24 37
24 38
24 39
24 40
24 41
24 42
24 43
24 44
24 46
24 47
24 48
24 49
24 50
24 51
24 53
24 54
25 1
25 3
25 4
25 8
25 12
25 13
25 14
25 15
25 16
25 17
25 18
25 20
25 21
25 23
25 26
25 27
25 28
25 30
25 31
25 32
25 33
25 34
25 35
25 36
25 38
25 39
25 40
25 41
25 42
25 43
25 44
25 46
25 47
25 48
25 49
25 50
25 51
25 54
26 3
26 4
26 15
26 18
26 21
26 34
26 35
26 41
26 48
27 1
27 3
27 4
27 8
27 12
27 15
27 17
27 18
27 20
27 21
27 26
27 34
27 35
27 39
27 41
27 46
27 47
27 48
27 54
28 3
28 4
28 13
28 14
28 17
28 18
28 21
28 36
28 38
28 47
28 48
29 1
29 2
29 3
29 4
29 5
29 6
29 8
29 9
29 10
29 11
29 12
29 15
29 17
29 18
29 20
29 21
29 22
29 26
29 27
29 34
29 35
29 39
29 41
29 44
29 46
29 47
29 48
29 49
29 52
29 53
29 54
29 55
30 1
30 3
30 4
30 15
30 17
30 18
30 21
30 26
30 33
30 34
30 35
30 40
30 41
30 46
30 47
30 48
30 50
31 1
31 3
31 4
31 8
31 12
31 15
31 16
31 17
31 18
31 20
31 21
31 26
31 27
31 30
31 33
31 34
31 35
31 39
31 40
31 41
31 44
31 46
31 47
31 48
31 50
31 54
32 1
32 3
32 4
32 12
32 15
32 16
32 17
32 18
32 20
32 21
32 23
32 26
32 30
32 33
32 34
32 35
32 36
32 38
32 40
32 41
32 46
32 47
32 48
32 50
32 54
33 3
33 4
33 15
33 17
33 18
33 21
33 34
33 35
33 40
33 41
33 47
33 48
33 50
35 3
35 4
35 18
36 3
36 4
36 17
36 18
36 21
36 47
36 48
37 1
37 3
37 4
37 8
37 12
37 15
37 16
37 17
37 18
37 20
37 21
37 22
37 26
37 27
37 30
37 33
37 34
37 35
37 39
37 40
37 41
37 44
37 46
37 47
37 48
37 49
37 50
37 53
37 54
38 3
38 4
38 17
38 18
38 21
38 47
38 48
39 1
39 3
39 4
39 12
39 15
39 17
39 18
39 20
39 21
39 26
39 34
39 35
39 41
39 46
39 47
39 48
39 54
40 3
40 4
40 17
40 18
40 21
40 35
40 41
40 47
40 48
41 3
41 4
41 18
41 48
42 1
42 3
42 4
42 15
42 17
42 18
42 21
42 23
42 26
42 30
42 33
42 34
42 35
42 36
42 38
42 40
42 41
42 46
42 47
42 48
42 50
43 1
43 3
43 4
43 8
43 12
43 15
43 16
43 17
43 18
43 20
43 21
43 23
43 26
43 27
43 30
43 33
43 34
43 35
43 36
43 39
43 40
43 41
43 46
43 47
43 48
43 50
43 54
44 1
44 3
44 4
44 8
44 18
44 20
44 34
44 35
44 46
45 1
45 3
45 4
45 13
45 14
45 15
45 17
45 18
45 21
45 23
45 26
45 28
45 30
45 33
45 34
45 35
45 36
45 38
45 40
45 41
45 42
45 46
45 47
45 48
45 50
46 3
46 4
46 18
46 34
47 3
47 4
47 21
47 48
49 3
49 4
49 8
49 18
49 20
49 34
49 46
50 3
50 4
50 15
50 17
50 18
50 21
50 34
50 35
50 40
50 41
50 47
50 48
51 1
51 3
51 4
51 12
51 15
51 16
51 17
51 18
51 20
51 21
51 23
51 26
51 30
51 33
51 34
51 35
51 36
51 38
51 40
51 41
51 46
51 47
51 48
51 50
51 54
52 1
52 2
52 3
52 4
52 6
52 8
52 9
52 10
52 11
52 12
52 15
52 17
52 18
52 20
52 21
52 22
52 26
52 34
52 35
52 39
52 41
52 44
52 46
52 47
52 48
52 49
52 53
52 54
52 55
53 1
53 3
53 4
53 8
53 18
53 20
53 34
53 35
53 46
53 49
54 1
54 3
54 4
54 15
54 18
54 34
54 35
54 41
54 46
54 48
55 1
55 3
55 4
55 8
55 11
55 18
55 20
55 22
55 34
55 35
55 46
55 49
55 53
