80 1508
1 4
1 5
1 13
1 21
1 23
1 28
1 39
1 49
1 53
1 56
1 66
1 69
2 5
2 10
2 13
2 20
2 21
2 27
2 31
2 35
2 39
2 49
2 53
2 55
2 56
2 66
2 68
2 70
2 76
3 2
3 5
3 9
3 10
3 11
3 13
3 14
3 19
3 20
3 21
3 26
3 27
3 31
3 33
3 35
3 39
3 43
3 45
3 46
3 47
3 49
3 53
3 55
3 56
3 59
3 60
3 61
3 63
3 66
3 68
3 69
3 70
3 76
3 77
4 5
4 13
4 21
4 23
4 39
4 49
4 53
4 56
4 66
4 69
5 13
6 5
6 13
6 21
6 27
6 28
6 33
6 39
6 45
6 49
6 53
6 56
6 63
6 66
6 69
7 1
7 4
7 5
7 13
7 21
7 23
7 25
7 28
7 39
7 41
7 49
7 53
7 56
7 66
7 69
7 72
7 75
8 2
8 3
8 5
8 9
8 10
8 11
8 13
8 14
8 15
8 16
8 17
8 18
8 19
8 20
8 21
8 22
8 26
8 27
8 29
8 30
8 31
8 33
8 35
8 36
8 39
8 43
8 45
8 46
8 47
8 49
8 53
8 55
8 56
8 57
8 58
8 59
8 60
8 61
8 63
8 66
8 68
8 69
8 70
8 76
8 77
9 5
9 10
9 13
9 14
9 19
9 20
9 21
9 27
9 31
9 33
9 35
9 39
9 43
9 45
9 49
9 53
9 55
9 56
9 63
9 66
9 68
9 70
9 76
10 13
10 20
10 27
10 35
10 39
10 49
11 10
11 13
11 20
11 21
11 27
11 35
11 39
11 49
11 53
11 66
11 68
11 70
11 76
12 2
12 5
12 9
12 10
12 11
12 13
12 14
12 15
12 17
12 18
12 19
12 20
12 21
12 22
12 26
12 27
12 29
12 30
12 31
12 33
12 35
12 39
12 43
12 45
12 49
12 53
12 55
12 56
12 58
12 59
12 63
12 66
12 68
12 69
12 70
12 76
12 77
14 5
14 13
14 20
14 21
14 27
14 35
14 39
14 49
14 53
14 55
14 56
14 63
14 66
15 13
15 18
15 20
15 22
15 27
15 35
15 39
15 49
15 58
15 59
15 70
15 76
16 2
16 5
16 9
16 10
16 11
16 13
16 14
16 19
16 20
16 21
16 22
16 26
16 27
16 31
16 33
16 35
16 39
16 43
16 45
16 46
16 47
16 49
16 53
16 55
16 56
16 57
16 58
16 59
16 60
16 61
16 63
16 66
16 68
16 69
16 70
16 76
16 77
17 70
18 70
19 5
19 10
19 13
19 14
19 20
19 21
19 27
19 31
19 33
19 35
19 39
19 43
19 45
19 49
19 53
19 55
19 56
19 63
19 66
19 68
19 70
19 76
20 13
20 27
20 35
20 39
20 49
21 13
22 27
22 35
22 39
22 59
22 70
23 5
23 13
23 21
23 39
23 49
23 56
23 66
23 69
24 1
24 2
24 3
24 4
24 5
24 6
24 9
24 10
24 11
24 13
24 14
24 16
24 19
24 20
24 21
24 22
24 23
24 25
24 26
24 27
24 28
24 31
24 33
24 34
24 35
24 37
24 38
24 39
24 40
24 41
24 42
24 43
24 44
24 45
24 46
24 47
24 48
24 49
24 50
24 52
24 53
24 54
24 55
24 56
24 57
24 58
24 59
24 60
24 61
24 62
24 63
24 65
24 66
24 67
24 68
24 69
24 70
24 73
24 74
24 75
24 76
24 77
24 78
24 79
24 80
25 5
25 13
25 21
25 39
25 41
25 49
25 56
25 66
25 69
26 5
26 10
26 13
26 14
26 20
26 21
26 27
26 31
26 33
26 35
26 39
26 43
26 45
26 49
26 53
26 55
26 56
26 63
26 66
26 68
26 70
26 76
28 5
28 13
28 21
28 39
28 49
28 53
28 56
28 66
28 69
29 2
29 5
29 10
29 11
29 13
29 14
29 15
29 18
29 20
29 21
29 22
29 27
29 31
29 35
29 39
29 49
29 53
29 55
29 56
29 58
29 59
29 63
29 66
29 68
29 70
29 76
29 77
30 2
30 5
30 10
30 11
30 13
30 14
30 20
30 21
30 22
30 27
30 31
30 33
30 35
30 39
30 43
30 45
30 49
30 53
30 55
30 56
30 58
30 59
30 63
30 66
30 68
30 70
30 76
30 77
31 5
31 10
31 13
31 20
31 21
31 27
31 35
31 39
31 49
31 53
31 55
31 56
31 66
31 68
31 70
31 76
32 13
32 15
32 17
32 18
32 20
32 22
32 27
32 35
32 39
32 49
32 58
32 59
32 70
32 76
33 5
33 13
33 21
33 39
33 49
33 53
33 56
33 66
34 1
34 4
34 5
34 6
34 10
34 13
34 14
34 20
34 21
34 23
34 27
34 28
34 33
34 35
34 37
34 38
34 39
34 43
34 45
34 47
34 48
34 49
34 53
34 55
34 56
34 63
34 66
34 68
34 69
34 73
34 76
35 27
35 39
36 2
36 5
36 9
36 10
36 11
36 13
36 14
36 15
36 18
36 19
36 20
36 21
36 22
36 26
36 27
36 30
36 31
36 33
36 35
36 39
36 43
36 45
36 46
36 47
36 49
36 53
36 55
36 56
36 58
36 59
36 63
36 66
36 68
36 69
36 70
36 76
36 77
37 5
37 6
37 13
37 14
37 20
37 21
37 27
37 28
37 33
37 35
37 38
37 39
37 43
37 45
37 49
37 53
37 55
37 56
37 63
37 66
37 68
37 69
38 5
38 13
38 20
38 21
38 27
38 33
38 35
38 39
38 45
38 49
38 53
38 55
38 56
38 63
38 66
38 69
40 2
40 5
40 6
40 9
40 10
40 11
40 13
40 14
40 19
40 20
40 21
40 26
40 27
40 28
40 31
40 33
40 35
40 38
40 39
40 42
40 43
40 45
40 46
40 47
40 49
40 53
40 55
40 56
40 59
40 60
40 61
40 63
40 66
40 68
40 69
40 70
40 76
40 77
41 5
41 13
41 21
41 49
41 56
41 66
42 5
42 9
42 10
42 13
42 14
42 19
42 20
42 21
42 26
42 27
42 31
42 33
42 35
42 38
42 39
42 43
42 45
42 46
42 47
42 49
42 53
42 55
42 56
42 60
42 61
42 63
42 66
42 68
42 69
42 70
42 76
43 5
43 13
43 14
43 20
43 21
43 27
43 33
43 35
43 39
43 49
43 53
43 55
43 56
43 63
43 66
44 2
44 3
44 4
44 5
44 6
44 9
44 10
44 11
44 13
44 14
44 19
44 20
44 21
44 22
44 23
44 26
44 27
44 28
44 31
44 33
44 35
44 37
44 38
44 39
44 40
44 42
44 43
44 45
44 46
44 47
44 48
44 49
44 53
44 55
44 56
44 57
44 58
44 59
44 60
44 61
44 63
44 66
44 68
44 69
44 70
44 76
44 77
45 5
45 13
45 21
45 27
45 33
45 39
45 49
45 53
45 56
45 66
46 5
46 10
46 13
46 14
46 20
46 21
46 27
46 31
46 33
46 35
46 39
46 43
46 45
46 49
46 53
46 55
46 56
46 63
46 66
46 68
46 69
46 70
46 76
47 5
47 13
47 14
47 20
47 21
47 27
47 33
47 35
47 39
47 43
47 45
47 49
47 53
47 55
47 56
47 63
47 66
47 68
47 69
48 5
48 13
48 21
48 23
48 28
48 39
48 49
48 53
48 56
48 66
48 69
50 1
50 4
50 5
50 6
50 10
50 13
50 14
50 20
50 21
50 23
50 27
50 28
50 31
50 33
50 34
50 35
50 37
50 38
50 39
50 41
50 43
50 45
50 47
50 48
50 49
50 52
50 53
50 54
50 55
50 56
50 62
50 63
50 65
50 66
50 68
50 69
50 70
50 73
50 76
51 13
51 15
51 17
51 18
51 20
51 22
51 27
51 32
51 35
51 39
51 49
51 58
51 59
51 70
51 76
52 1
52 4
52 5
52 13
52 21
52 23
52 28
52 39
52 41
52 48
52 49
52 53
52 56
52 66
52 69
53 13
53 21
53 39
53 49
53 66
54 1
54 4
54 5
54 13
54 21
54 23
54 28
54 33
54 39
54 41
54 48
54 49
54 53
54 56
54 66
54 69
55 13
55 21
55 27
55 39
55 49
55 53
55 66
57 2
57 5
57 9
57 10
57 11
57 13
57 14
57 19
57 20
57 21
57 22
57 26
57 27
57 31
57 33
57 35
57 39
57 43
57 45
57 46
57 47
57 49
57 53
57 55
57 56
57 58
57 59
57 60
57 63
57 66
57 68
57 69
57 70
57 76
57 77
58 22
58 27
58 35
58 39
58 49
58 59
58 70
59 27
59 70
60 5
60 10
60 13
60 14
60 20
60 21
60 27
60 31
60 33
60 35
60 39
60 43
60 45
60 46
60 47
60 49
60 53
60 55
60 56
60 63
60 66
60 68
60 69
60 70
60 76
61 5
61 10
61 13
61 14
61 20
61 21
61 27
61 31
61 33
61 35
61 39
61 43
61 45
61 47
61 49
61 53
61 55
61 56
61 63
61 66
61 68
61 69
61 70
61 76
62 1
62 4
62 5
62 6
62 13
62 21
62 23
62 27
62 28
62 33
62 39
62 41
62 45
62 48
62 49
62 53
62 54
62 56
62 63
62 66
62 69
62 73
63 5
63 13
63 21
63 27
63 39
63 49
63 53
63 56
63 66
64 2
64 3
64 5
64 8
64 9
64 10
64 11
64 12
64 13
64 14
64 15
64 16
64 17
64 18
64 19
64 20
64 21
64 22
64 26
64 27
64 29
64 30
64 31
64 33
64 35
64 36
64 38
64 39
64 43
64 45
64 46
64 47
64 49
64 53
64 55
64 56
64 57
64 58
64 59
64 60
64 61
64 63
64 66
64 68
64 69
64 70
64 76
64 77
65 1
65 4
65 5
65 6
65 10
65 13
65 14
65 20
65 21
65 23
65 27
65 28
65 33
65 35
65 37
65 38
65 39
65 41
65 43
65 45
65 47
65 48
65 49
65 52
65 53
65 54
65 55
65 56
65 62
65 63
65 66
65 68
65 69
65 73
65 76
66 13
67 1
67 2
67 3
67 4
67 5
67 6
67 9
67 10
67 11
67 13
67 14
67 16
67 19
67 20
67 21
67 22
67 23
67 26
67 27
67 28
67 31
67 33
67 34
67 35
67 37
67 38
67 39
67 40
67 41
67 42
67 43
67 44
67 45
67 46
67 47
67 48
67 49
67 52
67 53
67 54
67 55
67 56
67 57
67 58
67 59
67 60
67 61
67 62
67 63
67 65
67 66
67 68
67 69
67 70
67 73
67 74
67 76
67 77
67 78
67 79
68 13
68 20
68 21
68 27
68 35
68 39
68 49
68 66
69 5
69 13
69 21
69 39
69 49
69 56
69 66
71 1
71 2
71 3
71 4
71 5
71 6
71 9
71 10
71 11
71 13
71 14
71 15
71 16
71 17
71 18
71 19
71 20
71 21
71 22
71 23
71 26
71 27
71 28
71 29
71 30
71 31
71 33
71 34
71 35
71 36
71 37
71 38
71 39
71 40
71 41
71 42
71 43
71 44
71 45
71 46
71 47
71 48
71 49
71 53
71 55
71 56
71 57
71 58
71 59
71 60
71 61
71 63
71 66
71 68
71 69
71 70
71 73
71 74
71 76
71 77
71 78
71 79
72 5
72 13
72 21
72 56
73 1
73 4
73 5
73 13
73 21
73 23
73 28
73 33
73 39
73 48
73 49
73 53
73 56
73 66
73 69
74 2
74 4
74 5
74 6
74 9
74 10
74 11
74 13
74 14
74 19
74 20
74 21
74 23
74 26
74 27
74 28
74 31
74 33
74 35
74 37
74 38
74 39
74 42
74 43
74 45
74 46
74 47
74 48
74 49
74 53
74 55
74 56
74 60
74 61
74 63
74 66
74 68
74 69
74 70
74 76
74 77
75 4
75 5
75 13
75 21
75 23
75 25
75 39
75 41
75 49
75 53
75 56
75 66
75 69
76 13
76 27
76 35
76 39
76 49
77 5
77 10
77 13
77 20
77 21
77 27
77 31
77 35
77 39
77 49
77 53
77 55
77 56
77 63
77 66
77 68
77 70
77 76
78 1
78 2
78 3
78 4
78 5
78 6
78 9
78 10
78 11
78 13
78 14
78 19
78 20
78 21
78 22
78 23
78 26
78 27
78 28
78 31
78 33
78 34
78 35
78 37
78 38
78 39
78 40
78 42
78 43
78 45
78 46
78 47
78 48
78 49
78 53
78 55
78 56
78 57
78 58
78 59
78 60
78 61
78 63
78 66
78 68
78 69
78 70
78 73
78 74
78 76
78 77
78 79
79 1
79 2
79 3
79 4
79 5
79 6
79 9
79 10
79 11
79 13
79 14
79 19
79 20
79 21
79 22
79 23
79 26
79 27
79 28
79 31
79 33
79 34
79 35
79 37
79 38
79 39
79 40
79 42
79 43
79 45
79 46
79 47
79 48
79 49
79 53
79 55
79 56
79 59
79 60
79 61
79 63
79 66
79 68
79 69
79 70
79 73
79 74
79 76
79 77
80 1
80 4
80 5
80 6
80 13
80 20
80 21
80 23
80 25
80 27
80 28
80 33
80 35
80 39
80 41
80 45
80 48
80 49
80 52
80 53
80 54
80 55
80 56
80 62
80 63
80 66
80 69
80 73
80 75
