70 1092
1 2
1 4
1 6
1 11
1 15
1 16
1 18
1 20
1 22
1 24
1 30
1 32
1 37
1 38
1 47
1 48
1 49
1 51
1 52
1 55
1 56
1 57
1 61
1 62
1 65
1 68
1 69
2 6
2 32
2 49
2 51
2 52
2 61
2 62
3 22
3 32
3 67
4 2
4 6
4 16
4 20
4 24
4 32
4 37
4 38
4 49
4 51
4 52
4 61
4 62
4 68
5 6
5 16
5 30
5 32
5 33
5 48
5 49
5 51
6 32
6 49
7 2
7 6
7 11
7 18
7 20
7 22
7 25
7 32
7 37
7 47
7 49
7 51
7 52
7 56
7 61
7 62
7 69
8 1
8 2
8 3
8 4
8 5
8 6
8 7
8 9
8 11
8 12
8 14
8 15
8 16
8 18
8 20
8 22
8 23
8 24
8 25
8 30
8 31
8 32
8 33
8 37
8 38
8 40
8 42
8 46
8 47
8 48
8 49
8 51
8 52
8 53
8 54
8 55
8 56
8 57
8 58
8 60
8 61
8 62
8 65
8 66
8 67
8 68
8 69
9 2
9 3
9 6
9 7
9 11
9 14
9 16
9 18
9 20
9 22
9 24
9 25
9 32
9 37
9 38
9 40
9 47
9 49
9 51
9 52
9 56
9 57
9 61
9 62
9 65
9 67
9 68
9 69
10 1
10 2
10 3
10 4
10 6
10 7
10 9
10 11
10 14
10 15
10 16
10 18
10 19
10 20
10 22
10 24
10 25
10 26
10 27
10 30
10 32
10 34
10 37
10 38
10 40
10 44
10 45
10 46
10 47
10 48
10 49
10 50
10 51
10 52
10 55
10 56
10 57
10 60
10 61
10 62
10 63
10 64
10 65
10 67
10 68
10 69
11 20
11 32
11 49
11 61
12 1
12 2
12 3
12 4
12 6
12 7
12 11
12 14
12 15
12 16
12 18
12 20
12 22
12 24
12 25
12 30
12 31
12 32
12 33
12 37
12 38
12 42
12 47
12 48
12 49
12 51
12 52
12 55
12 56
12 57
12 58
12 61
12 62
12 65
12 67
12 68
12 69
13 1
13 2
13 3
13 4
13 6
13 7
13 9
13 11
13 14
13 15
13 16
13 18
13 19
13 20
13 22
13 24
13 25
13 27
13 29
13 30
13 31
13 32
13 33
13 34
13 37
13 38
13 40
13 42
13 44
13 46
13 47
13 48
13 49
13 50
13 51
13 52
13 55
13 56
13 57
13 58
13 60
13 61
13 62
13 63
13 65
13 67
13 68
13 69
14 2
14 6
14 7
14 11
14 16
14 18
14 20
14 22
14 25
14 32
14 37
14 38
14 47
14 49
14 51
14 52
14 56
14 57
14 61
14 62
14 65
14 67
14 68
14 69
15 2
15 6
15 11
15 16
15 18
15 20
15 22
15 24
15 32
15 37
15 38
15 47
15 49
15 51
15 52
15 56
15 57
15 61
15 62
15 65
15 68
15 69
16 6
16 32
16 49
16 51
17 32
18 11
18 20
18 32
18 49
18 61
19 3
19 11
19 20
19 22
19 32
19 40
19 46
19 49
19 56
19 60
19 61
19 67
20 32
21 2
21 4
21 5
21 6
21 11
21 16
21 20
21 24
21 30
21 32
21 33
21 37
21 38
21 39
21 42
21 48
21 49
21 51
21 52
21 53
21 58
21 61
21 62
21 66
21 68
22 32
23 2
23 4
23 6
23 11
23 16
23 18
23 20
23 24
23 30
23 32
23 33
23 37
23 38
23 42
23 48
23 49
23 51
23 52
23 57
23 58
23 61
23 62
23 68
24 2
24 6
24 16
24 20
24 32
24 37
24 38
24 49
24 51
24 52
24 61
24 62
24 68
25 6
25 11
25 18
25 20
25 22
25 32
25 37
25 49
25 51
25 52
25 56
25 61
25 62
25 69
26 3
26 20
26 22
26 32
26 40
26 45
26 46
26 49
26 56
26 60
26 61
26 67
27 2
27 3
27 6
27 7
27 11
27 18
27 19
27 20
27 22
27 25
27 32
27 37
27 40
27 46
27 47
27 49
27 51
27 52
27 56
27 60
27 61
27 62
27 63
27 65
27 67
27 69
28 3
28 6
28 11
28 18
28 19
28 20
28 22
28 25
28 26
28 32
28 34
28 37
28 40
28 41
28 45
28 46
28 47
28 49
28 51
28 52
28 56
28 60
28 61
28 62
28 63
28 64
28 67
28 69
28 70
29 1
29 2
29 3
29 4
29 6
29 7
29 9
29 11
29 14
29 15
29 16
29 18
29 19
29 20
29 22
29 24
29 25
29 27
29 30
29 32
29 37
29 38
29 40
29 46
29 47
29 48
29 49
29 51
29 52
29 55
29 56
29 57
29 58
29 60
29 61
29 62
29 63
29 65
29 67
29 68
29 69
30 32
31 2
31 4
31 6
31 11
31 15
31 16
31 18
31 20
31 22
31 24
31 30
31 32
31 37
31 38
31 47
31 48
31 49
31 51
31 52
31 55
31 56
31 57
31 58
31 61
31 62
31 65
31 68
31 69
33 30
33 32
33 49
34 3
34 6
34 11
34 18
34 19
34 20
34 22
34 32
34 37
34 40
34 46
34 49
34 52
34 56
34 60
34 61
34 62
34 67
35 2
35 3
35 6
35 7
35 11
35 16
35 18
35 19
35 20
35 22
35 25
35 26
35 27
35 28
35 32
35 34
35 37
35 38
35 40
35 41
35 45
35 46
35 47
35 49
35 50
35 51
35 52
35 56
35 57
35 60
35 61
35 62
35 63
35 64
35 65
35 67
35 68
35 69
35 70
36 3
36 11
36 20
36 22
36 26
36 32
36 40
36 45
36 46
36 49
36 56
36 60
36 61
36 64
36 67
36 70
37 6
37 32
37 49
37 52
37 61
37 62
38 2
38 6
38 16
38 20
38 32
38 37
38 49
38 51
38 52
38 61
38 62
38 68
39 2
39 5
39 6
39 16
39 30
39 32
39 33
39 37
39 48
39 49
39 51
39 52
39 58
39 61
39 62
39 66
39 68
40 3
40 20
40 22
40 32
40 56
40 61
40 67
41 3
41 6
41 11
41 18
41 19
41 20
41 22
41 26
41 32
41 34
41 37
41 40
41 45
41 46
41 49
41 51
41 52
41 56
41 60
41 61
41 62
41 64
41 67
41 69
42 2
42 4
42 6
42 16
42 20
42 24
42 30
42 32
42 33
42 37
42 38
42 48
42 49
42 51
42 52
42 58
42 61
42 62
42 68
43 1
43 2
43 3
43 4
43 6
43 7
43 9
43 10
43 11
43 14
43 15
43 16
43 18
43 19
43 20
43 22
43 24
43 25
43 26
43 27
43 28
43 30
43 32
43 34
43 37
43 38
43 40
43 41
43 44
43 45
43 46
43 47
43 48
43 49
43 50
43 51
43 52
43 55
43 56
43 57
43 60
43 61
43 62
43 63
43 64
43 65
43 67
43 68
43 69
43 70
44 2
44 3
44 4
44 6
44 7
44 9
44 11
44 14
44 15
44 16
44 18
44 19
44 20
44 22
44 24
44 25
44 27
44 32
44 34
44 37
44 38
44 40
44 46
44 47
44 49
44 50
44 51
44 52
44 56
44 57
44 60
44 61
44 62
44 63
44 65
44 67
44 68
44 69
45 3
45 20
45 22
45 32
45 46
45 56
45 61
45 67
46 22
46 32
46 67
47 6
47 11
47 18
47 20
47 22
47 32
47 37
47 49
47 51
47 52
47 56
47 61
47 62
47 69
48 6
48 32
48 49
48 51
49 32
50 2
50 3
50 6
50 7
50 11
50 18
50 19
50 20
50 22
50 25
50 32
50 37
50 40
50 46
50 47
50 49
50 51
50 52
50 56
50 60
50 61
50 62
50 63
50 65
50 67
50 69
51 32
51 49
52 32
52 49
52 61
53 2
53 5
53 6
53 16
53 20
53 30
53 32
53 33
53 37
53 48
53 49
53 51
53 52
53 58
53 61
53 62
53 68
54 2
54 4
54 6
54 11
54 16
54 18
54 20
54 24
54 30
54 32
54 33
54 37
54 38
54 42
54 48
54 49
54 51
54 52
54 55
54 56
54 57
54 58
54 61
54 62
54 65
54 68
54 69
55 2
55 4
55 6
55 11
55 16
55 18
55 20
55 24
55 32
55 37
55 38
55 48
55 49
55 51
55 52
55 57
55 61
55 62
55 68
56 20
56 32
56 61
57 2
57 6
57 11
57 20
57 32
57 37
57 49
57 51
57 52
57 61
57 62
58 6
58 16
58 30
58 32
58 48
58 49
58 51
58 61
58 68
59 3
59 6
59 11
59 18
59 19
59 20
59 22
59 25
59 26
59 28
59 32
59 34
59 37
59 40
59 41
59 45
59 46
59 47
59 49
59 51
59 52
59 56
59 60
59 61
59 62
59 63
59 64
59 67
59 69
59 70
60 3
60 20
60 22
60 32
60 40
60 46
60 49
60 56
60 61
60 67
61 32
62 6
62 32
62 49
62 52
62 61
63 3
63 6
63 11
63 18
63 19
63 20
63 22
63 25
63 32
63 37
63 40
63 46
63 49
63 51
63 52
63 56
63 60
63 61
63 62
63 67
63 69
64 67
65 2
65 6
65 11
65 18
65 20
65 32
65 37
65 49
65 51
65 52
65 56
65 61
65 62
65 69
66 2
66 5
66 6
66 16
66 30
66 32
66 33
66 48
66 49
66 51
66 52
66 58
66 61
66 62
66 68
68 6
68 32
68 49
68 51
69 6
69 11
69 18
69 20
69 32
69 37
69 49
69 52
69 61
69 62
70 3
70 11
70 20
70 22
70 26
70 32
70 40
70 45
70 46
70 49
70 56
70 60
70 61
70 64
70 67
