40 162
1 3
1 8
1 26
1 27
2 4
3 26
5 4
5 8
5 26
5 27
6 7
9 1
9 3
9 4
9 8
9 26
9 27
10 2
10 4
10 7
11 1
11 2
11 3
11 4
11 5
11 6
11 7
11 8
11 10
11 12
11 15
11 16
11 17
11 18
11 19
11 20
11 21
11 22
11 24
11 25
11 26
11 27
12 2
12 4
12 7
12 25
13 1
13 3
13 4
13 8
13 18
13 19
13 26
13 27
14 1
14 2
14 3
14 4
14 5
14 7
14 8
14 13
14 15
14 18
14 19
14 20
14 21
14 22
14 23
14 25
14 26
14 27
15 2
15 4
15 7
15 8
15 22
15 25
15 26
15 27
16 2
16 4
16 7
16 10
16 25
17 2
17 4
17 7
17 8
17 10
17 12
17 15
17 16
17 22
17 25
17 26
17 27
18 4
18 8
18 26
18 27
19 4
19 8
19 18
19 26
19 27
20 1
20 2
20 3
20 4
20 5
20 8
20 18
20 19
20 21
20 22
20 25
20 26
20 27
21 1
21 3
21 4
21 5
21 8
21 18
21 19
21 22
21 26
21 27
22 4
22 8
22 26
22 27
23 1
23 3
23 4
23 5
23 8
23 13
23 18
23 19
23 26
23 27
24 2
24 4
24 5
24 6
24 7
24 8
24 10
24 12
24 15
24 16
24 17
24 22
24 25
24 26
24 27
25 2
25 4
27 8
27 26
