50 626
1 4
1 5
1 6
1 8
1 9
1 10
1 11
1 15
1 19
1 24
1 27
1 30
1 33
1 34
1 36
1 37
1 38
1 42
1 47
1 50
2 5
2 7
2 10
2 13
2 14
2 15
2 18
2 21
2 24
2 28
2 30
2 31
2 33
2 34
2 35
2 38
2 42
3 2
3 5
3 6
3 7
3 9
3 10
3 13
3 14
3 15
3 18
3 21
3 24
3 28
3 30
3 31
3 33
3 34
3 35
3 36
3 38
3 39
3 42
3 47
4 5
4 6
4 8
4 9
4 15
4 24
4 38
4 42
5 38
5 42
6 5
6 38
6 42
7 10
7 42
8 5
8 6
8 9
8 15
8 24
8 38
8 42
9 5
9 6
9 15
9 24
9 38
9 42
11 5
11 6
11 8
11 9
11 10
11 15
11 19
11 24
11 27
11 30
11 33
11 34
11 36
11 38
11 42
11 47
11 50
12 5
12 7
12 10
12 13
12 15
12 18
12 21
12 24
12 30
12 34
12 35
12 38
12 40
12 42
12 43
12 46
13 10
14 5
14 7
14 10
14 15
14 18
14 24
14 30
14 33
14 34
14 35
14 38
14 42
15 24
15 38
15 42
16 4
16 5
16 6
16 8
16 9
16 10
16 15
16 19
16 20
16 24
16 27
16 30
16 34
16 36
16 37
16 38
16 42
16 47
17 2
17 3
17 4
17 5
17 6
17 7
17 8
17 9
17 10
17 11
17 13
17 14
17 15
17 18
17 19
17 21
17 22
17 24
17 27
17 28
17 30
17 31
17 33
17 34
17 35
17 36
17 37
17 38
17 39
17 40
17 41
17 42
17 43
17 46
17 47
17 48
17 50
18 10
18 42
19 5
19 6
19 8
19 9
19 15
19 24
19 38
19 42
20 42
22 2
22 5
22 6
22 7
22 9
22 10
22 13
22 14
22 15
22 18
22 21
22 24
22 28
22 30
22 31
22 33
22 34
22 35
22 36
22 38
22 40
22 42
22 43
22 46
23 4
23 5
23 6
23 8
23 9
23 10
23 15
23 16
23 19
23 20
23 24
23 27
23 30
23 32
23 34
23 36
23 37
23 38
23 42
23 47
23 50
24 38
24 42
25 2
25 5
25 7
25 10
25 13
25 14
25 15
25 18
25 21
25 24
25 28
25 30
25 31
25 33
25 34
25 35
25 38
25 40
25 42
25 43
25 46
26 2
26 5
26 6
26 7
26 9
26 10
26 12
26 13
26 14
26 15
26 18
26 21
26 22
26 24
26 25
26 28
26 30
26 31
26 33
26 34
26 35
26 36
26 38
26 40
26 42
26 43
26 44
26 46
27 5
27 6
27 8
27 9
27 10
27 15
27 24
27 30
27 34
27 36
27 38
27 42
27 47
28 5
28 7
28 10
28 13
28 14
28 15
28 18
28 21
28 24
28 30
28 33
28 34
28 35
28 38
28 42
29 1
29 2
29 3
29 4
29 5
29 6
29 7
29 8
29 9
29 10
29 11
29 13
29 14
29 15
29 16
29 18
29 19
29 20
29 21
29 22
29 23
29 24
29 27
29 28
29 30
29 31
29 32
29 33
29 34
29 35
29 36
29 37
29 38
29 39
29 40
29 41
29 42
29 43
29 45
29 46
29 47
29 48
29 50
30 38
30 42
31 5
31 7
31 10
31 13
31 14
31 15
31 18
31 21
31 24
31 30
31 33
31 34
31 35
31 38
31 42
32 4
32 5
32 6
32 8
32 9
32 10
32 15
32 16
32 19
32 20
32 24
32 27
32 30
32 34
32 36
32 37
32 38
32 42
32 47
32 50
33 5
33 10
33 15
33 24
33 30
33 34
33 38
33 42
34 5
34 15
34 24
34 30
34 38
34 42
35 7
35 10
35 42
36 5
36 6
36 10
36 15
36 24
36 30
36 34
36 38
36 42
37 4
37 5
37 6
37 8
37 9
37 15
37 24
37 38
37 42
38 42
39 5
39 6
39 9
39 10
39 15
39 18
39 24
39 30
39 33
39 34
39 36
39 38
39 42
39 47
41 5
41 6
41 7
41 9
41 10
41 13
41 14
41 15
41 18
41 21
41 24
41 28
41 30
41 33
41 34
41 35
41 36
41 38
41 39
41 42
41 47
43 10
43 13
43 21
43 42
44 2
44 5
44 7
44 10
44 12
44 13
44 14
44 15
44 18
44 21
44 24
44 25
44 28
44 30
44 31
44 33
44 34
44 35
44 38
44 40
44 42
44 43
44 46
45 1
45 4
45 5
45 6
45 8
45 9
45 10
45 11
45 15
45 16
45 19
45 20
45 23
45 24
45 27
45 30
45 32
45 33
45 34
45 36
45 37
45 38
45 42
45 47
45 50
46 5
46 7
46 10
46 13
46 15
46 18
46 21
46 24
46 30
46 34
46 35
46 38
46 42
46 43
47 5
47 6
47 9
47 10
47 15
47 24
47 30
47 34
47 36
47 38
47 42
48 5
48 6
48 7
48 8
48 9
48 10
48 14
48 15
48 18
48 24
48 27
48 30
48 33
48 34
48 35
48 36
48 38
48 39
48 42
48 47
49 2
49 3
49 4
49 5
49 6
49 7
49 8
49 9
49 10
49 11
49 13
49 14
49 15
49 18
49 19
49 21
49 22
49 24
49 27
49 28
49 30
49 31
49 33
49 34
49 35
49 36
49 37
49 38
49 39
49 40
49 41
49 42
49 43
49 46
49 47
49 48
49 50
50 5
50 6
50 8
50 9
50 10
50 15
50 24
50 27
50 30
50 34
50 36
50 38
50 42
50 47
