20 118
1 4
1 5
1 6
1 7
1 8
1 9
1 10
1 14
1 15
1 16
1 17
1 18
1 20
2 4
2 6
2 9
2 16
2 17
2 20
3 5
3 6
5 6
7 4
7 5
7 6
7 8
7 9
7 10
7 14
7 15
7 16
7 17
7 18
7 20
8 4
8 5
8 6
8 9
8 10
8 14
8 15
8 16
8 17
8 20
10 6
10 9
10 16
10 17
10 20
11 2
11 4
11 5
11 6
11 9
11 10
11 14
11 15
11 16
11 17
11 20
12 3
12 4
12 5
12 6
12 8
12 9
12 10
12 14
12 15
12 16
12 17
12 18
12 20
13 2
13 4
13 5
13 6
13 8
13 9
13 10
13 14
13 15
13 16
13 17
13 18
13 20
14 6
14 9
14 16
14 17
14 20
15 6
17 6
17 9
17 16
18 4
18 5
18 6
18 8
18 9
18 10
18 14
18 15
18 16
18 17
18 20
19 2
19 4
19 6
19 9
19 10
19 14
19 15
19 16
19 17
19 20
20 9
20 16
