45 117
1 7
1 12
1 13
1 19
1 20
1 22
1 23
2 7
2 12
2 13
2 19
2 20
2 22
2 23
3 7
3 8
3 9
3 13
4 3
4 7
4 8
4 9
4 12
4 13
4 16
4 18
4 19
6 3
6 7
6 8
6 9
6 12
6 13
6 14
6 16
8 7
8 13
9 7
9 8
9 13
10 3
10 4
10 5
10 6
10 7
10 8
10 9
10 11
10 12
10 13
10 14
10 16
10 18
10 19
10 21
10 22
10 23
11 3
11 6
11 7
11 8
11 9
11 12
11 13
11 14
11 16
11 21
13 7
14 7
15 1
15 2
15 3
15 4
15 7
15 8
15 9
15 12
15 13
15 14
15 16
15 18
15 19
15 20
15 22
15 23
16 7
16 8
16 9
16 13
17 7
17 12
18 3
18 7
18 8
18 9
18 12
18 13
18 19
19 7
19 12
19 13
20 7
20 12
20 13
20 22
20 23
21 7
21 8
21 13
21 14
22 7
22 12
22 13
23 7
23 12
23 13
23 22
