65 1046
0 9
0 25
0 58
1 0
1 9
1 15
1 22
1 25
1 27
1 29
1 34
1 39
1 44
1 46
1 56
1 58
1 59
2 0
2 1
2 3
2 9
2 15
2 22
2 25
2 27
2 29
2 34
2 39
2 43
2 44
2 46
2 56
2 58
2 59
3 0
3 9
3 25
3 34
3 58
3 59
4 0
4 3
4 6
4 7
4 8
4 9
4 10
4 15
4 16
4 21
4 22
4 23
4 24
4 25
4 27
4 29
4 30
4 32
4 33
4 34
4 39
4 40
4 41
4 42
4 43
4 44
4 48
4 50
4 51
4 52
4 56
4 57
4 58
4 59
4 61
4 63
5 0
5 1
5 2
5 3
5 4
5 6
5 7
5 8
5 9
5 10
5 11
5 15
5 16
5 18
5 19
5 21
5 22
5 23
5 24
5 25
5 26
5 27
5 29
5 30
5 32
5 33
5 34
5 35
5 36
5 37
5 39
5 40
5 41
5 42
5 43
5 44
5 45
5 46
5 48
5 50
5 51
5 52
5 54
5 55
5 56
5 57
5 58
5 59
5 61
5 63
5 64
6 0
6 3
6 7
6 8
6 9
6 10
6 15
6 16
6 22
6 25
6 27
6 29
6 32
6 33
6 34
6 39
6 41
6 42
6 43
6 44
6 48
6 56
6 58
6 59
6 61
7 0
7 9
7 10
7 25
7 58
7 59
8 9
8 25
9 25
10 9
10 25
10 58
10 59
11 0
11 3
11 7
11 8
11 9
11 10
11 15
11 16
11 22
11 25
11 27
11 29
11 32
11 33
11 34
11 39
11 41
11 42
11 43
11 44
11 46
11 48
11 56
11 58
11 59
11 61
12 0
12 9
12 15
12 20
12 22
12 25
12 27
12 34
12 39
12 44
12 46
12 56
12 58
12 60
13 0
13 1
13 2
13 3
13 7
13 8
13 9
13 10
13 12
13 15
13 16
13 20
13 22
13 25
13 27
13 29
13 31
13 32
13 34
13 37
13 39
13 41
13 43
13 44
13 46
13 47
13 48
13 56
13 58
13 59
13 60
13 61
13 64
14 0
14 1
14 2
14 3
14 6
14 7
14 8
14 9
14 10
14 11
14 12
14 15
14 16
14 20
14 21
14 22
14 23
14 25
14 27
14 29
14 32
14 33
14 34
14 37
14 39
14 41
14 42
14 43
14 44
14 46
14 48
14 49
14 52
14 56
14 57
14 58
14 59
14 60
14 61
14 64
15 0
15 9
15 25
15 27
15 34
15 58
16 9
16 25
17 0
17 1
17 2
17 3
17 4
17 6
17 7
17 8
17 9
17 10
17 11
17 12
17 14
17 15
17 16
17 20
17 21
17 22
17 23
17 24
17 25
17 27
17 29
17 30
17 32
17 33
17 34
17 35
17 37
17 39
17 40
17 41
17 42
17 43
17 44
17 46
17 48
17 49
17 50
17 51
17 52
17 54
17 55
17 56
17 57
17 58
17 59
17 60
17 61
17 63
17 64
18 0
18 3
18 7
18 8
18 9
18 10
18 15
18 16
18 19
18 21
18 23
18 24
18 25
18 26
18 27
18 29
18 30
18 32
18 33
18 34
18 35
18 39
18 40
18 41
18 42
18 43
18 44
18 45
18 48
18 50
18 51
18 52
18 54
18 55
18 56
18 57
18 58
18 59
18 61
18 63
19 9
19 16
19 21
19 25
20 9
20 22
20 25
20 39
20 44
21 9
21 25
22 9
22 25
22 39
22 44
23 8
23 9
23 10
23 16
23 25
23 57
23 58
23 59
24 0
24 7
24 8
24 9
24 10
24 16
24 21
24 23
24 25
24 34
24 42
24 48
24 57
24 58
24 59
26 0
26 3
26 7
26 8
26 9
26 10
26 15
26 16
26 19
26 21
26 23
26 24
26 25
26 27
26 29
26 30
26 32
26 33
26 34
26 35
26 40
26 41
26 42
26 43
26 44
26 48
26 50
26 52
26 54
26 55
26 57
26 58
26 59
26 61
26 63
27 9
27 25
27 58
28 0
28 3
28 7
28 8
28 9
28 10
28 15
28 16
28 19
28 21
28 23
28 24
28 25
28 27
28 29
28 30
28 32
28 33
28 34
28 35
28 40
28 41
28 42
28 43
28 45
28 48
28 52
28 54
28 55
28 57
28 58
28 59
28 61
28 63
29 0
29 9
29 15
29 25
29 27
29 34
29 58
30 9
30 16
30 21
30 25
31 0
31 1
31 3
31 9
31 12
31 15
31 20
31 22
31 25
31 27
31 29
31 34
31 39
31 44
31 46
31 56
31 58
31 59
31 60
32 0
32 3
32 7
32 8
32 9
32 10
32 15
32 16
32 25
32 27
32 34
32 41
32 48
32 58
32 59
33 0
33 3
33 7
33 8
33 9
33 10
33 16
33 25
33 34
33 48
33 58
33 59
34 9
34 25
34 58
35 8
35 9
35 16
35 21
35 25
35 30
36 0
36 3
36 4
36 6
36 7
36 8
36 9
36 10
36 11
36 15
36 16
36 19
36 21
36 22
36 23
36 24
36 25
36 27
36 29
36 30
36 32
36 33
36 34
36 35
36 39
36 40
36 41
36 42
36 43
36 44
36 46
36 48
36 50
36 51
36 52
36 54
36 55
36 56
36 57
36 58
36 59
36 61
36 63
37 0
37 3
37 9
37 15
37 22
37 25
37 27
37 29
37 34
37 39
37 43
37 44
37 46
37 56
37 58
37 59
38 0
38 1
38 2
38 3
38 4
38 6
38 7
38 8
38 9
38 10
38 11
38 15
38 16
38 18
38 19
38 21
38 22
38 23
38 24
38 25
38 26
38 27
38 29
38 30
38 32
38 33
38 34
38 35
38 36
38 37
38 39
38 40
38 41
38 42
38 43
38 44
38 45
38 46
38 48
38 50
38 51
38 52
38 54
38 55
38 56
38 57
38 58
38 59
38 61
38 63
39 25
40 8
40 9
40 16
40 21
40 25
41 0
41 3
41 7
41 8
41 9
41 10
41 25
41 27
41 34
41 48
41 58
41 59
42 0
42 7
42 8
42 9
42 10
42 16
42 25
42 34
42 48
42 58
42 59
43 0
43 3
43 9
43 15
43 25
43 27
43 34
43 58
43 59
44 25
45 0
45 7
45 8
45 9
45 10
45 16
45 19
45 21
45 23
45 25
45 30
45 35
45 40
45 48
45 54
45 57
45 58
45 59
46 9
46 22
46 25
46 39
46 44
47 0
47 9
47 20
47 22
47 25
47 27
47 34
47 39
47 44
47 46
47 56
47 58
47 60
48 0
48 9
48 10
48 25
48 58
48 59
49 0
49 1
49 2
49 3
49 6
49 7
49 8
49 9
49 10
49 11
49 12
49 15
49 16
49 20
49 22
49 23
49 25
49 27
49 29
49 32
49 33
49 34
49 37
49 39
49 41
49 42
49 43
49 44
49 46
49 48
49 52
49 56
49 57
49 58
49 59
49 60
49 61
49 64
50 0
50 3
50 7
50 8
50 9
50 10
50 15
50 16
50 21
50 23
50 24
50 25
50 27
50 29
50 32
50 33
50 34
50 41
50 42
50 43
50 44
50 48
50 52
50 57
50 58
50 59
50 61
51 0
51 3
51 7
51 8
51 9
51 10
51 15
51 16
51 21
51 23
51 24
51 25
51 27
51 29
51 32
51 33
51 34
51 39
51 41
51 42
51 43
51 44
51 48
51 50
51 52
51 56
51 57
51 58
51 59
51 61
52 0
52 3
52 7
52 8
52 9
52 10
52 15
52 16
52 25
52 27
52 29
52 32
52 33
52 34
52 41
52 42
52 43
52 48
52 57
52 58
52 59
52 61
53 0
53 1
53 2
53 3
53 7
53 9
53 10
53 12
53 15
53 20
53 22
53 25
53 27
53 29
53 31
53 34
53 37
53 39
53 43
53 44
53 46
53 47
53 48
53 56
53 58
53 59
53 60
53 64
54 8
54 9
54 10
54 16
54 21
54 23
54 25
54 30
54 35
54 40
54 57
54 58
54 59
55 0
55 3
55 7
55 8
55 9
55 10
55 15
55 16
55 21
55 23
55 24
55 25
55 27
55 30
55 32
55 33
55 34
55 35
55 40
55 41
55 42
55 43
55 48
55 57
55 58
55 59
55 61
55 63
56 9
56 25
56 44
57 8
57 9
57 16
57 25
57 58
58 9
58 25
59 9
59 25
59 58
60 9
60 22
60 25
60 39
60 44
61 0
61 3
61 7
61 8
61 9
61 10
61 15
61 25
61 27
61 34
61 48
61 58
61 59
62 0
62 1
62 2
62 3
62 4
62 6
62 7
62 8
62 9
62 10
62 11
62 15
62 16
62 18
62 19
62 20
62 21
62 22
62 23
62 24
62 25
62 26
62 27
62 29
62 30
62 32
62 33
62 34
62 35
62 36
62 37
62 39
62 40
62 41
62 42
62 43
62 44
62 45
62 46
62 48
62 50
62 51
62 52
62 54
62 55
62 56
62 57
62 58
62 59
62 61
62 63
62 64
63 0
63 7
63 8
63 9
63 10
63 16
63 21
63 23
63 25
63 34
63 40
63 48
63 57
63 58
63 59
64 0
64 1
64 2
64 3
64 9
64 15
64 22
64 25
64 27
64 29
64 34
64 37
64 39
64 43
64 44
64 46
64 56
64 58
64 59
