80 1519
0 75
0 78
0 79
1 30
1 47
2 0
2 16
2 19
2 21
2 25
2 30
2 60
2 75
2 77
2 78
2 79
3 1
3 9
3 10
3 22
3 25
3 30
3 39
3 40
3 44
3 47
3 48
3 54
3 59
3 65
3 67
3 71
3 77
4 0
4 1
4 2
4 16
4 19
4 21
4 25
4 28
4 30
4 32
4 47
4 52
4 60
4 65
4 75
4 77
4 78
4 79
5 1
5 3
5 9
5 10
5 16
5 22
5 25
5 27
5 30
5 39
5 40
5 44
5 47
5 48
5 54
5 59
5 65
5 67
5 71
5 75
5 77
5 78
5 79
6 0
6 1
6 2
6 3
6 5
6 9
6 10
6 13
6 16
6 18
6 19
6 21
6 22
6 24
6 25
6 27
6 28
6 30
6 32
6 34
6 38
6 39
6 40
6 42
6 43
6 44
6 46
6 47
6 48
6 50
6 51
6 52
6 54
6 56
6 58
6 59
6 60
6 62
6 63
6 64
6 65
6 67
6 68
6 71
6 72
6 73
6 74
6 75
6 77
6 78
6 79
7 0
7 1
7 2
7 3
7 4
7 5
7 6
7 8
7 9
7 10
7 13
7 14
7 16
7 18
7 19
7 20
7 21
7 22
7 23
7 24
7 25
7 27
7 28
7 29
7 30
7 32
7 34
7 36
7 38
7 39
7 40
7 42
7 43
7 44
7 45
7 46
7 47
7 48
7 49
7 50
7 51
7 52
7 54
7 56
7 57
7 58
7 59
7 60
7 61
7 62
7 63
7 64
7 65
7 66
7 67
7 68
7 71
7 72
7 73
7 74
7 75
7 76
7 77
7 78
7 79
8 0
8 1
8 2
8 4
8 9
8 10
8 14
8 16
8 19
8 20
8 21
8 22
8 24
8 25
8 28
8 30
8 32
8 39
8 40
8 44
8 47
8 48
8 52
8 54
8 56
8 58
8 59
8 60
8 62
8 63
8 65
8 67
8 68
8 71
8 74
8 75
8 77
8 78
8 79
9 1
9 10
9 22
9 30
9 39
9 40
9 44
9 47
9 48
9 54
9 67
9 77
10 30
10 39
10 44
10 47
10 48
10 54
10 67
11 0
11 2
11 16
11 19
11 20
11 21
11 25
11 28
11 30
11 32
11 60
11 75
11 77
11 78
11 79
12 0
12 15
12 16
12 19
12 21
12 25
12 28
12 30
12 60
12 75
12 77
12 78
12 79
13 0
13 1
13 3
13 5
13 9
13 10
13 16
13 18
13 19
13 21
13 22
13 24
13 25
13 27
13 30
13 32
13 34
13 38
13 39
13 40
13 43
13 44
13 46
13 47
13 48
13 51
13 54
13 56
13 58
13 59
13 60
13 62
13 63
13 64
13 65
13 67
13 68
13 71
13 73
13 75
13 77
13 78
13 79
14 0
14 1
14 2
14 4
14 16
14 19
14 20
14 21
14 25
14 28
14 30
14 32
14 44
14 47
14 48
14 52
14 58
14 60
14 65
14 68
14 75
14 77
14 78
14 79
15 0
15 19
15 21
15 28
15 60
15 75
15 78
15 79
16 77
17 0
17 1
17 3
17 5
17 9
17 10
17 16
17 18
17 19
17 21
17 22
17 24
17 25
17 27
17 30
17 31
17 32
17 33
17 34
17 35
17 39
17 40
17 41
17 43
17 44
17 46
17 47
17 48
17 49
17 50
17 51
17 53
17 54
17 56
17 58
17 59
17 60
17 61
17 63
17 64
17 65
17 66
17 67
17 68
17 69
17 71
17 73
17 75
17 76
17 77
17 78
17 79
18 10
18 22
18 30
18 39
18 40
18 44
18 47
18 48
18 54
18 67
19 75
20 0
20 2
20 16
20 19
20 21
20 25
20 28
20 30
20 32
20 60
20 75
20 77
20 78
20 79
21 0
21 60
21 75
21 78
21 79
22 44
22 47
23 0
23 1
23 2
23 4
23 16
23 19
23 20
23 21
23 25
23 28
23 30
23 32
23 44
23 47
23 52
23 58
23 60
23 65
23 68
23 75
23 77
23 78
23 79
24 1
24 9
24 10
24 16
24 22
24 25
24 30
24 39
24 40
24 44
24 47
24 48
24 54
24 65
24 67
24 71
24 75
24 77
24 78
24 79
25 30
25 77
26 0
26 1
26 2
26 3
26 5
26 6
26 9
26 10
26 13
26 16
26 18
26 19
26 21
26 22
26 24
26 25
26 27
26 28
26 30
26 31
26 32
26 34
26 38
26 39
26 40
26 41
26 42
26 43
26 44
26 46
26 47
26 48
26 49
26 50
26 51
26 52
26 54
26 56
26 57
26 58
26 59
26 60
26 61
26 62
26 63
26 64
26 65
26 66
26 67
26 68
26 69
26 71
26 72
26 73
26 74
26 75
26 76
26 77
26 78
26 79
27 1
27 9
27 10
27 22
27 30
27 39
27 40
27 44
27 47
27 48
27 54
27 59
27 67
27 77
28 0
28 19
28 21
28 60
28 75
28 78
28 79
29 0
29 1
29 2
29 3
29 4
29 5
29 6
29 9
29 10
29 13
29 16
29 18
29 19
29 20
29 21
29 22
29 24
29 25
29 27
29 28
29 30
29 32
29 34
29 38
29 39
29 40
29 42
29 43
29 44
29 46
29 47
29 48
29 50
29 51
29 52
29 54
29 56
29 57
29 58
29 59
29 60
29 62
29 63
29 64
29 65
29 67
29 68
29 71
29 72
29 73
29 74
29 75
29 77
29 78
29 79
31 0
31 1
31 3
31 5
31 9
31 10
31 16
31 18
31 21
31 22
31 24
31 25
31 27
31 30
31 32
31 34
31 39
31 40
31 41
31 43
31 44
31 46
31 47
31 48
31 49
31 50
31 51
31 54
31 56
31 58
31 59
31 60
31 61
31 63
31 64
31 65
31 67
31 68
31 69
31 71
31 73
31 75
31 76
31 77
31 78
31 79
32 0
32 16
32 25
32 30
32 60
32 75
32 77
32 78
32 79
33 44
33 47
34 0
34 1
34 9
34 10
34 16
34 22
34 24
34 25
34 30
34 39
34 40
34 44
34 47
34 48
34 54
34 56
34 58
34 59
34 63
34 65
34 67
34 71
34 75
34 77
34 78
34 79
35 22
35 30
35 39
35 44
35 47
35 54
35 67
36 0
36 1
36 2
36 4
36 8
36 9
36 10
36 14
36 16
36 19
36 20
36 21
36 22
36 23
36 24
36 25
36 28
36 30
36 32
36 34
36 39
36 40
36 44
36 45
36 47
36 48
36 52
36 54
36 56
36 58
36 59
36 60
36 62
36 63
36 65
36 67
36 68
36 71
36 74
36 75
36 77
36 78
36 79
37 0
37 1
37 2
37 4
37 11
37 12
37 14
37 15
37 16
37 19
37 20
37 21
37 23
37 25
37 28
37 30
37 32
37 39
37 44
37 45
37 47
37 48
37 52
37 54
37 58
37 60
37 62
37 63
37 65
37 67
37 68
37 75
37 77
37 78
37 79
38 0
38 1
38 3
38 5
38 9
38 10
38 16
38 18
38 19
38 21
38 22
38 24
38 25
38 27
38 30
38 32
38 34
38 39
38 40
38 43
38 44
38 46
38 47
38 48
38 51
38 54
38 56
38 58
38 59
38 60
38 62
38 63
38 64
38 65
38 67
38 68
38 71
38 73
38 75
38 77
38 78
38 79
39 44
39 47
40 30
40 39
40 44
40 47
40 48
40 54
40 67
41 1
41 9
41 10
41 18
41 22
41 30
41 39
41 40
41 44
41 47
41 48
41 50
41 54
41 67
41 77
42 0
42 1
42 9
42 10
42 16
42 19
42 21
42 22
42 24
42 25
42 30
42 32
42 34
42 39
42 40
42 44
42 47
42 48
42 52
42 54
42 56
42 58
42 59
42 60
42 62
42 63
42 65
42 67
42 68
42 71
42 74
42 75
42 77
42 78
42 79
43 1
43 9
43 10
43 22
43 25
43 27
43 30
43 39
43 40
43 44
43 47
43 48
43 54
43 59
43 67
43 71
43 77
44 47
45 0
45 1
45 2
45 4
45 14
45 16
45 19
45 20
45 21
45 25
45 28
45 30
45 32
45 44
45 47
45 48
45 52
45 58
45 60
45 65
45 68
45 75
45 77
45 78
45 79
46 1
46 3
46 9
46 10
46 16
46 22
46 25
46 27
46 30
46 39
46 40
46 44
46 47
46 48
46 54
46 59
46 65
46 67
46 71
46 77
48 30
48 44
48 47
49 1
49 3
49 9
49 10
49 18
49 22
49 25
49 27
49 30
49 39
49 40
49 43
49 44
49 47
49 48
49 50
49 51
49 54
49 59
49 64
49 65
49 67
49 71
49 73
49 76
49 77
50 10
50 18
50 22
50 30
50 39
50 40
50 44
50 47
50 48
50 54
50 67
51 1
51 9
51 10
51 22
51 27
51 30
51 39
51 40
51 44
51 47
51 48
51 54
51 59
51 67
51 77
52 0
52 1
52 16
52 19
52 21
52 25
52 30
52 32
52 47
52 60
52 65
52 75
52 77
52 78
52 79
53 1
53 9
53 10
53 18
53 22
53 25
53 27
53 30
53 39
53 40
53 41
53 44
53 47
53 48
53 50
53 51
53 54
53 59
53 67
53 69
53 71
53 73
53 77
54 39
54 44
54 47
55 0
55 1
55 2
55 3
55 4
55 5
55 6
55 9
55 10
55 13
55 16
55 18
55 19
55 21
55 22
55 24
55 25
55 26
55 27
55 28
55 30
55 31
55 32
55 34
55 38
55 39
55 40
55 41
55 42
55 43
55 44
55 46
55 47
55 48
55 49
55 50
55 51
55 52
55 54
55 56
55 57
55 58
55 59
55 60
55 61
55 62
55 63
55 64
55 65
55 66
55 67
55 68
55 69
55 71
55 72
55 73
55 74
55 75
55 76
55 77
55 78
55 79
56 0
56 1
56 16
56 25
56 30
56 39
56 44
56 47
56 48
56 54
56 58
56 65
56 67
56 71
56 75
56 77
56 78
56 79
57 0
57 1
57 2
57 3
57 5
57 9
57 10
57 16
57 19
57 21
57 22
57 24
57 25
57 27
57 28
57 30
57 32
57 34
57 39
57 40
57 42
57 43
57 44
57 46
57 47
57 48
57 51
57 52
57 54
57 56
57 58
57 59
57 60
57 62
57 63
57 64
57 65
57 67
57 68
57 71
57 72
57 74
57 75
57 77
57 78
57 79
58 1
58 16
58 25
58 30
58 47
58 65
58 75
58 77
58 78
58 79
59 1
59 9
59 10
59 22
59 30
59 39
59 40
59 44
59 47
59 48
59 54
59 67
59 77
60 0
60 75
60 78
60 79
61 0
61 1
61 3
61 5
61 9
61 10
61 16
61 18
61 22
61 24
61 25
61 27
61 30
61 34
61 39
61 40
61 43
61 44
61 46
61 47
61 48
61 50
61 51
61 54
61 56
61 58
61 59
61 63
61 64
61 65
61 67
61 71
61 73
61 75
61 76
61 77
61 78
61 79
62 0
62 1
62 16
62 19
62 21
62 25
62 30
62 32
62 39
62 44
62 47
62 48
62 58
62 60
62 65
62 67
62 68
62 75
62 77
62 78
62 79
63 0
63 1
63 16
63 25
63 30
63 39
63 44
63 47
63 48
63 54
63 58
63 65
63 67
63 75
63 77
63 78
63 79
64 1
64 3
64 9
64 10
64 22
64 25
64 27
64 30
64 39
64 40
64 43
64 44
64 47
64 48
64 54
64 59
64 65
64 67
64 71
64 77
65 1
65 25
65 30
65 47
65 77
66 0
66 1
66 3
66 5
66 9
66 10
66 16
66 18
66 19
66 21
66 22
66 24
66 25
66 27
66 30
66 32
66 34
66 39
66 40
66 43
66 44
66 46
66 47
66 48
66 49
66 50
66 51
66 54
66 56
66 58
66 59
66 60
66 61
66 63
66 64
66 65
66 67
66 68
66 71
66 73
66 75
66 76
66 77
66 78
66 79
67 30
67 44
67 47
68 0
68 1
68 16
68 25
68 30
68 47
68 58
68 60
68 65
68 75
68 77
68 78
68 79
69 1
69 9
69 10
69 18
69 22
69 27
69 30
69 39
69 40
69 44
69 47
69 48
69 50
69 54
69 59
69 67
69 77
70 1
70 9
70 10
70 18
70 22
70 27
70 30
70 33
70 35
70 39
70 40
70 41
70 44
70 47
70 48
70 50
70 54
70 59
70 67
70 77
71 1
71 25
71 30
71 39
71 44
71 47
71 48
71 54
71 67
71 77
72 0
72 1
72 2
72 3
72 5
72 9
72 10
72 16
72 19
72 21
72 22
72 24
72 25
72 27
72 30
72 32
72 34
72 39
72 40
72 42
72 43
72 44
72 46
72 47
72 48
72 51
72 52
72 54
72 56
72 58
72 59
72 60
72 62
72 63
72 64
72 65
72 67
72 68
72 71
72 74
72 75
72 77
72 78
72 79
73 1
73 9
73 10
73 22
73 25
73 27
73 30
73 39
73 40
73 44
73 47
73 48
73 51
73 54
73 59
73 67
73 77
74 0
74 1
74 10
74 16
74 19
74 21
74 25
74 30
74 32
74 39
74 44
74 47
74 48
74 54
74 56
74 58
74 60
74 62
74 63
74 65
74 67
74 68
74 71
74 75
74 77
74 78
74 79
76 1
76 9
76 10
76 18
76 22
76 25
76 27
76 30
76 39
76 40
76 43
76 44
76 47
76 48
76 50
76 51
76 54
76 59
76 65
76 67
76 71
76 73
76 77
78 79
