45 201
1 4
1 16
1 17
1 25
1 29
2 9
2 12
3 2
3 4
3 6
3 9
3 12
3 17
3 20
3 21
3 23
3 25
3 26
3 27
3 29
3 30
4 25
5 1
5 2
5 3
5 4
5 6
5 7
5 8
5 9
5 10
5 11
5 12
5 14
5 16
5 17
5 18
5 20
5 21
5 22
5 23
5 24
5 25
5 26
5 27
5 28
5 29
5 30
6 12
7 4
7 17
7 24
7 25
7 29
7 30
8 1
8 4
8 11
8 16
8 17
8 24
8 25
8 29
10 25
11 4
11 16
11 25
13 1
13 2
13 3
13 4
13 5
13 6
13 7
13 8
13 9
13 10
13 11
13 12
13 14
13 15
13 16
13 17
13 18
13 20
13 21
13 22
13 23
13 24
13 25
13 26
13 27
13 28
13 29
13 30
14 4
14 7
14 9
14 12
14 16
14 17
14 20
14 21
14 24
14 25
14 29
14 30
15 1
15 4
15 7
15 8
15 10
15 11
15 16
15 17
15 24
15 25
15 29
15 30
16 25
17 4
17 25
18 1
18 4
18 7
18 9
18 12
18 16
18 17
18 20
18 21
18 24
18 25
18 29
18 30
19 25
20 4
20 9
20 17
20 25
20 30
21 4
21 9
21 17
21 20
21 25
21 30
22 2
22 4
22 6
22 9
22 12
22 17
22 20
22 21
22 23
22 25
22 26
22 27
22 30
23 2
23 6
23 9
23 12
23 25
24 4
24 17
24 25
24 29
26 2
26 6
26 9
26 12
27 2
27 4
27 6
27 9
27 12
27 17
27 23
27 25
27 30
28 2
28 4
28 6
28 9
28 12
28 17
28 20
28 21
28 23
28 25
28 26
28 27
28 30
29 4
29 17
29 25
30 4
30 17
30 25
