30 249
1 2
1 3
1 5
1 10
1 11
1 12
1 14
1 15
1 16
1 17
1 19
1 21
1 23
1 25
1 26
1 27
2 3
2 23
2 26
3 23
3 26
4 2
4 3
4 7
4 15
4 17
4 19
4 22
4 23
4 24
4 26
4 30
5 3
5 12
5 16
5 23
5 26
6 2
6 3
6 11
6 12
6 15
6 17
6 19
6 23
6 24
6 26
6 30
7 23
7 24
7 26
8 2
8 3
8 11
8 12
8 14
8 15
8 16
8 17
8 19
8 23
8 24
8 26
8 30
9 2
9 3
9 5
9 10
9 11
9 12
9 14
9 15
9 16
9 17
9 19
9 21
9 23
9 24
9 26
9 30
10 2
10 3
10 5
10 11
10 12
10 14
10 15
10 16
10 17
10 19
10 23
10 26
11 2
11 3
11 12
11 15
11 17
11 19
11 23
11 26
12 3
12 23
12 26
13 2
13 3
13 4
13 6
13 7
13 8
13 11
13 12
13 14
13 15
13 16
13 17
13 19
13 22
13 23
13 24
13 26
13 30
14 3
14 12
14 16
14 23
14 26
15 2
15 3
15 17
15 19
15 23
15 26
16 26
17 23
17 26
18 2
18 3
18 7
18 17
18 19
18 22
18 23
18 24
18 26
18 30
19 17
19 23
19 26
20 2
20 3
20 5
20 9
20 10
20 11
20 12
20 14
20 15
20 16
20 17
20 19
20 21
20 23
20 24
20 26
20 30
21 2
21 3
21 5
21 10
21 11
21 12
21 14
21 15
21 16
21 17
21 19
21 23
21 26
22 24
22 26
23 26
24 26
25 2
25 3
25 5
25 12
25 14
25 15
25 16
25 17
25 19
25 23
25 26
27 2
27 3
27 5
27 10
27 11
27 12
27 14
27 15
27 16
27 17
27 19
27 21
27 23
27 26
28 2
28 3
28 4
28 6
28 7
28 11
28 12
28 14
28 15
28 16
28 17
28 18
28 19
28 22
28 23
28 24
28 26
28 29
28 30
29 2
29 3
29 4
29 6
29 7
29 11
29 12
29 14
29 15
29 16
29 17
29 19
29 22
29 23
29 24
29 26
29 30
30 3
30 17
30 19
30 23
30 24
30 26
