50 505
1 10
1 15
2 10
2 14
2 15
2 31
3 1
3 2
3 4
3 6
3 9
3 10
3 12
3 14
3 15
3 16
3 19
3 21
3 23
3 24
3 27
3 28
3 29
3 31
3 32
3 33
3 35
3 37
3 38
3 39
3 40
3 43
3 45
3 47
3 48
3 49
4 14
4 15
4 24
4 27
4 29
4 31
4 32
4 35
6 10
6 14
6 15
6 31
7 27
7 46
8 14
8 15
8 16
8 27
8 28
8 29
8 31
8 37
8 39
8 43
8 46
8 48
9 1
9 2
9 4
9 6
9 10
9 14
9 15
9 16
9 23
9 24
9 27
9 28
9 29
9 31
9 32
9 35
9 38
9 39
9 43
9 47
9 48
9 49
11 1
11 2
11 4
11 6
11 10
11 12
11 14
11 15
11 16
11 23
11 24
11 27
11 28
11 29
11 30
11 31
11 32
11 35
11 37
11 38
11 39
11 43
11 47
11 48
11 49
12 1
12 2
12 4
12 6
12 10
12 14
12 15
12 16
12 24
12 27
12 28
12 29
12 31
12 32
12 35
12 37
12 38
12 39
12 43
12 48
12 49
13 16
13 27
13 29
13 37
13 39
13 46
16 27
16 29
17 7
17 27
17 39
17 46
18 1
18 2
18 3
18 4
18 6
18 9
18 10
18 12
18 14
18 15
18 16
18 19
18 21
18 23
18 24
18 27
18 28
18 29
18 31
18 32
18 33
18 35
18 37
18 38
18 39
18 40
18 43
18 45
18 47
18 48
18 49
19 1
19 2
19 6
19 10
19 14
19 15
19 23
19 24
19 27
19 29
19 31
19 32
19 33
19 35
19 45
19 49
20 1
20 2
20 6
20 10
20 14
20 15
20 21
20 23
20 26
20 31
20 32
20 33
20 42
20 49
21 10
22 7
22 13
22 14
22 16
22 17
22 27
22 29
22 31
22 37
22 39
22 43
22 46
22 48
23 1
23 2
23 6
23 10
23 14
23 15
23 31
23 49
24 14
24 15
24 27
24 29
24 31
24 32
24 35
25 1
25 10
25 15
25 21
25 26
26 1
26 10
26 15
26 21
28 14
28 16
28 27
28 29
28 31
29 27
30 1
30 2
30 4
30 6
30 10
30 14
30 15
30 16
30 24
30 27
30 28
30 29
30 31
30 32
30 35
30 37
30 38
30 39
30 43
30 48
30 49
31 14
32 14
32 15
32 31
33 1
33 2
33 10
33 14
33 15
33 31
33 49
34 1
34 2
34 4
34 5
34 6
34 7
34 8
34 10
34 12
34 13
34 14
34 15
34 16
34 17
34 22
34 24
34 27
34 28
34 29
34 30
34 31
34 32
34 35
34 36
34 37
34 38
34 39
34 43
34 44
34 46
34 48
34 49
34 50
35 14
35 15
35 27
35 31
36 1
36 2
36 4
36 6
36 7
36 8
36 10
36 12
36 13
36 14
36 15
36 16
36 24
36 27
36 28
36 29
36 30
36 31
36 32
36 35
36 37
36 38
36 39
36 43
36 44
36 46
36 48
36 49
36 50
37 27
37 29
37 39
38 4
38 10
38 14
38 15
38 16
38 24
38 27
38 28
38 29
38 31
38 32
38 35
39 27
40 1
40 2
40 4
40 6
40 10
40 12
40 14
40 15
40 16
40 23
40 24
40 27
40 28
40 29
40 31
40 32
40 35
40 37
40 38
40 39
40 43
40 47
40 48
40 49
41 1
41 2
41 3
41 4
41 6
41 9
41 10
41 12
41 14
41 15
41 16
41 19
41 20
41 21
41 23
41 24
41 25
41 26
41 27
41 28
41 29
41 31
41 32
41 33
41 35
41 37
41 38
41 39
41 40
41 42
41 43
41 45
41 47
41 48
41 49
42 1
42 10
42 15
42 21
43 14
43 16
43 27
43 29
43 39
44 2
44 4
44 6
44 8
44 10
44 14
44 15
44 16
44 24
44 27
44 28
44 29
44 31
44 32
44 35
44 37
44 38
44 39
44 43
44 46
44 48
44 50
45 1
45 2
45 6
45 10
45 14
45 15
45 23
45 31
45 32
45 33
45 49
47 1
47 2
47 6
47 10
47 14
47 15
47 23
47 24
47 27
47 29
47 31
47 32
47 35
47 49
48 14
48 16
48 27
48 29
48 39
48 43
49 1
49 2
49 10
49 14
49 15
49 31
50 4
50 10
50 14
50 15
50 16
50 24
50 27
50 28
50 29
50 31
50 32
50 35
50 37
50 39
50 43
50 46
50 48
