40 363
2 0
2 1
2 3
2 6
2 7
2 8
2 9
2 11
2 16
2 18
2 21
2 25
2 28
2 31
2 32
2 35
2 36
2 37
2 38
3 28
4 0
4 1
4 2
4 3
4 6
4 7
4 8
4 9
4 10
4 11
4 12
4 13
4 16
4 18
4 19
4 21
4 23
4 25
4 27
4 28
4 29
4 31
4 32
4 33
4 34
4 35
4 36
4 37
4 38
4 39
5 0
5 1
5 2
5 3
5 6
5 7
5 8
5 9
5 10
5 11
5 12
5 13
5 16
5 18
5 19
5 20
5 21
5 22
5 23
5 25
5 27
5 28
5 29
5 31
5 32
5 33
5 34
5 35
5 36
5 37
5 38
5 39
6 0
6 1
6 3
6 8
6 28
7 0
7 1
7 25
7 32
7 36
8 28
9 0
9 1
9 3
9 6
9 8
9 11
9 25
9 28
9 31
9 37
10 0
10 1
10 3
10 6
10 8
10 9
10 11
10 13
10 25
10 28
10 31
10 32
10 34
10 36
10 37
10 38
11 0
11 3
11 8
11 28
12 3
12 13
12 23
12 28
13 3
13 28
14 3
14 8
14 12
14 13
14 23
14 26
14 28
15 0
15 1
15 7
15 16
15 18
15 21
15 25
15 28
15 32
15 35
15 36
15 37
15 38
16 0
16 1
16 7
16 18
16 21
16 25
16 32
16 35
16 36
16 37
16 38
17 0
17 3
17 8
17 12
17 13
17 19
17 23
17 28
17 34
18 32
19 3
19 8
19 13
19 28
20 0
20 1
20 3
20 6
20 8
20 9
20 10
20 11
20 12
20 13
20 19
20 22
20 23
20 25
20 28
20 29
20 31
20 32
20 33
20 34
20 36
20 37
20 38
21 32
22 0
22 1
22 3
22 6
22 8
22 9
22 11
22 12
22 13
22 19
22 23
22 25
22 28
22 29
22 31
22 32
22 33
22 34
22 36
22 37
22 38
24 0
24 1
24 3
24 6
24 8
24 9
24 11
24 12
24 13
24 19
24 23
24 25
24 28
24 29
24 31
24 33
24 34
24 36
24 37
25 0
25 1
26 3
26 13
26 23
26 28
27 0
27 1
27 3
27 6
27 7
27 8
27 9
27 10
27 11
27 13
27 16
27 18
27 19
27 21
27 25
27 28
27 31
27 32
27 33
27 34
27 35
27 36
27 37
27 38
27 39
29 0
29 1
29 3
29 6
29 8
29 11
29 13
29 19
29 25
29 28
29 31
29 34
29 37
30 0
30 1
30 3
30 6
30 7
30 8
30 9
30 10
30 11
30 12
30 13
30 16
30 17
30 18
30 19
30 20
30 21
30 22
30 23
30 24
30 25
30 27
30 28
30 29
30 31
30 32
30 33
30 34
30 35
30 36
30 37
30 38
30 39
31 0
31 1
31 3
31 8
31 25
31 28
31 37
33 0
33 1
33 3
33 6
33 8
33 11
33 13
33 19
33 25
33 28
33 31
33 34
33 37
34 3
34 8
34 13
34 28
36 1
37 0
37 1
37 25
38 0
38 1
38 25
38 32
38 36
39 0
39 1
39 3
39 6
39 8
39 9
39 11
39 13
39 25
39 28
39 31
39 32
39 36
39 37
39 38
