55 746
0 1
0 2
0 3
0 7
0 9
0 12
0 16
0 19
0 23
0 25
0 28
0 29
0 30
0 34
0 35
0 36
0 39
0 40
0 41
0 45
0 51
0 52
2 34
2 35
3 34
4 1
4 15
4 18
4 25
4 34
4 39
4 40
4 41
4 52
5 1
5 2
5 3
5 6
5 7
5 8
5 9
5 12
5 13
5 14
5 16
5 19
5 23
5 25
5 26
5 28
5 29
5 30
5 31
5 34
5 35
5 36
5 37
5 39
5 40
5 41
5 42
5 45
5 46
5 47
5 51
5 52
5 54
6 1
6 2
6 3
6 8
6 9
6 13
6 14
6 16
6 19
6 23
6 26
6 28
6 29
6 30
6 31
6 34
6 35
6 36
6 39
6 40
6 41
6 42
6 45
6 46
6 51
6 52
6 54
7 1
7 3
7 9
7 28
7 34
7 39
7 40
7 41
7 52
8 1
8 2
8 3
8 9
8 13
8 14
8 16
8 19
8 23
8 28
8 29
8 30
8 31
8 34
8 35
8 36
8 41
8 42
8 45
8 51
8 52
9 1
9 3
9 34
9 41
9 52
10 13
10 22
10 34
10 35
10 48
11 1
11 2
11 3
11 13
11 14
11 16
11 19
11 21
11 22
11 23
11 28
11 29
11 34
11 35
11 36
11 37
11 41
11 42
11 45
11 46
11 51
11 52
11 54
12 1
12 3
12 7
12 9
12 16
12 28
12 30
12 34
12 35
12 39
12 40
12 41
12 52
14 1
14 2
14 3
14 13
14 16
14 19
14 23
14 28
14 29
14 34
14 35
14 36
14 41
14 45
14 51
15 1
15 25
15 39
15 40
15 52
16 28
16 34
17 0
17 1
17 2
17 3
17 5
17 6
17 7
17 8
17 9
17 12
17 13
17 14
17 15
17 16
17 18
17 19
17 22
17 23
17 24
17 25
17 26
17 27
17 28
17 29
17 30
17 31
17 34
17 35
17 36
17 37
17 38
17 39
17 40
17 41
17 42
17 43
17 44
17 45
17 46
17 47
17 50
17 51
17 52
17 54
18 39
19 16
19 23
19 28
19 34
19 35
20 1
20 2
20 3
20 10
20 13
20 14
20 16
20 19
20 21
20 22
20 23
20 28
20 29
20 34
20 35
20 36
20 37
20 41
20 45
20 46
20 48
20 51
20 53
20 54
21 2
21 13
21 16
21 22
21 23
21 28
21 34
21 35
21 37
21 46
21 51
21 54
22 13
22 34
23 16
23 28
23 34
23 35
24 1
24 2
24 3
24 7
24 9
24 12
24 13
24 14
24 16
24 19
24 23
24 25
24 28
24 29
24 30
24 34
24 35
24 36
24 39
24 40
24 41
24 45
24 51
24 52
25 1
25 39
25 40
26 1
26 2
26 3
26 8
26 9
26 13
26 14
26 16
26 19
26 23
26 28
26 29
26 30
26 31
26 34
26 35
26 36
26 41
26 42
26 45
26 51
26 52
26 54
27 0
27 1
27 2
27 3
27 7
27 8
27 9
27 12
27 13
27 14
27 16
27 19
27 23
27 24
27 25
27 26
27 28
27 29
27 30
27 31
27 34
27 35
27 36
27 38
27 39
27 40
27 41
27 42
27 45
27 46
27 51
27 52
27 54
28 34
29 3
29 16
29 19
29 23
29 28
29 34
29 35
29 36
29 41
30 1
30 3
30 9
30 16
30 28
30 34
30 35
30 41
30 52
31 1
31 2
31 3
31 9
31 13
31 14
31 16
31 19
31 23
31 28
31 29
31 30
31 34
31 35
31 36
31 41
31 42
31 45
31 51
31 52
32 0
32 1
32 2
32 3
32 4
32 5
32 6
32 7
32 8
32 9
32 11
32 12
32 13
32 14
32 15
32 16
32 17
32 18
32 19
32 21
32 22
32 23
32 24
32 25
32 26
32 27
32 28
32 29
32 30
32 31
32 33
32 34
32 35
32 36
32 37
32 38
32 39
32 40
32 41
32 42
32 43
32 44
32 45
32 46
32 47
32 48
32 49
32 50
32 51
32 52
32 53
32 54
33 0
33 1
33 2
33 3
33 5
33 6
33 7
33 8
33 9
33 11
33 12
33 13
33 14
33 15
33 16
33 18
33 19
33 21
33 22
33 23
33 24
33 25
33 26
33 27
33 28
33 29
33 30
33 31
33 34
33 35
33 36
33 37
33 38
33 39
33 40
33 41
33 42
33 43
33 44
33 45
33 46
33 47
33 48
33 49
33 50
33 51
33 52
33 54
35 34
36 3
36 16
36 28
36 34
36 35
36 41
37 2
37 13
37 16
37 28
37 34
37 35
37 51
38 0
38 1
38 2
38 3
38 7
38 9
38 12
38 13
38 14
38 16
38 19
38 23
38 25
38 28
38 29
38 30
38 34
38 35
38 36
38 39
38 40
38 41
38 45
38 51
38 52
40 39
42 1
42 2
42 3
42 13
42 14
42 16
42 19
42 23
42 28
42 29
42 34
42 35
42 36
42 41
42 45
42 51
42 52
43 0
43 1
43 2
43 3
43 7
43 8
43 9
43 12
43 13
43 14
43 15
43 16
43 18
43 19
43 23
43 24
43 25
43 28
43 29
43 30
43 31
43 34
43 35
43 36
43 38
43 39
43 40
43 41
43 42
43 45
43 50
43 51
43 52
43 54
44 1
44 2
44 3
44 9
44 13
44 14
44 16
44 19
44 22
44 23
44 28
44 29
44 34
44 35
44 36
44 37
44 41
44 42
44 45
44 46
44 51
44 52
44 54
45 3
45 16
45 19
45 23
45 28
45 34
45 35
45 36
45 41
45 51
46 2
46 13
46 16
46 28
46 34
46 35
46 51
46 54
47 1
47 2
47 3
47 8
47 9
47 13
47 14
47 16
47 19
47 23
47 26
47 28
47 29
47 30
47 31
47 34
47 35
47 36
47 39
47 40
47 41
47 42
47 45
47 46
47 51
47 52
47 54
48 13
48 22
48 34
49 1
49 2
49 3
49 6
49 8
49 9
49 11
49 13
49 14
49 16
49 19
49 21
49 22
49 23
49 26
49 28
49 29
49 30
49 31
49 34
49 35
49 36
49 37
49 39
49 40
49 41
49 42
49 44
49 45
49 46
49 47
49 51
49 52
49 54
50 0
50 1
50 2
50 3
50 7
50 9
50 12
50 13
50 14
50 15
50 16
50 18
50 19
50 23
50 25
50 28
50 29
50 30
50 34
50 35
50 36
50 39
50 40
50 41
50 45
50 51
50 52
51 16
51 28
51 34
51 35
52 1
53 13
53 22
53 34
53 35
53 48
54 2
54 13
54 16
54 28
54 34
54 35
54 51
