45 530
0 3
0 5
0 6
0 7
0 9
0 11
0 12
0 13
0 14
0 18
0 20
0 21
0 23
0 25
0 26
0 29
0 31
0 33
0 34
0 36
0 38
0 39
0 40
0 43
0 44
1 3
1 4
1 5
1 6
1 9
1 11
1 12
1 13
1 14
1 15
1 16
1 20
1 21
1 23
1 26
1 27
1 28
1 29
1 32
1 36
1 38
1 39
1 40
1 43
1 44
2 18
2 40
3 5
3 6
3 12
3 14
3 21
3 29
3 40
4 5
4 6
4 9
4 12
4 14
4 15
4 16
4 20
4 21
4 23
4 26
4 27
4 29
4 36
4 38
4 39
4 40
4 43
5 29
5 40
7 5
7 6
7 12
7 14
7 18
7 21
7 29
7 40
8 5
8 6
8 12
8 18
8 21
8 29
8 31
8 33
8 34
8 40
9 6
9 12
9 21
9 39
10 3
10 5
10 6
10 7
10 9
10 11
10 12
10 13
10 14
10 18
10 20
10 21
10 23
10 24
10 26
10 29
10 31
10 33
10 34
10 36
10 39
10 40
10 44
11 5
11 6
11 12
11 13
11 14
11 21
11 26
11 29
11 36
11 39
11 40
13 5
13 6
13 12
13 14
13 21
13 26
13 29
13 36
13 40
14 5
14 6
14 12
14 21
14 29
14 40
15 6
15 12
16 6
16 12
16 21
16 43
17 0
17 1
17 3
17 4
17 5
17 6
17 7
17 9
17 11
17 12
17 13
17 14
17 15
17 16
17 18
17 20
17 21
17 23
17 24
17 25
17 26
17 27
17 28
17 29
17 30
17 31
17 32
17 33
17 34
17 36
17 37
17 38
17 39
17 40
17 42
17 43
17 44
18 40
19 0
19 1
19 3
19 4
19 5
19 6
19 7
19 8
19 9
19 10
19 11
19 12
19 13
19 14
19 15
19 16
19 18
19 20
19 21
19 23
19 24
19 25
19 26
19 27
19 28
19 29
19 30
19 31
19 32
19 33
19 34
19 36
19 37
19 38
19 39
19 40
19 42
19 43
19 44
20 6
20 12
20 21
20 29
20 36
20 39
21 6
21 12
22 0
22 1
22 3
22 4
22 5
22 6
22 7
22 9
22 11
22 12
22 13
22 14
22 15
22 16
22 18
22 20
22 21
22 23
22 24
22 25
22 26
22 27
22 28
22 29
22 31
22 32
22 33
22 34
22 36
22 37
22 38
22 39
22 40
22 42
22 43
22 44
23 5
23 6
23 12
23 20
23 21
23 26
23 29
23 36
23 39
23 40
24 5
24 6
24 7
24 12
24 14
24 18
24 21
24 29
24 31
24 33
24 34
24 40
25 3
25 5
25 6
25 9
25 11
25 12
25 13
25 14
25 20
25 21
25 23
25 26
25 29
25 36
25 39
25 40
25 44
26 5
26 6
26 12
26 21
26 29
26 36
26 40
27 6
27 9
27 12
27 21
27 29
27 36
27 39
27 43
28 6
28 9
28 12
28 15
28 16
28 21
28 27
28 29
28 36
28 39
28 43
30 0
30 3
30 5
30 6
30 7
30 9
30 11
30 12
30 13
30 14
30 16
30 18
30 20
30 21
30 23
30 24
30 25
30 26
30 27
30 29
30 31
30 33
30 34
30 36
30 37
30 38
30 39
30 40
30 43
30 44
31 5
31 6
31 12
31 18
31 21
31 29
31 40
32 6
32 9
32 12
32 15
32 16
32 20
32 21
32 27
32 29
32 36
32 38
32 39
32 40
32 43
33 5
33 6
33 12
33 18
33 21
33 29
33 40
34 5
34 6
34 12
34 18
34 21
34 29
34 40
35 0
35 3
35 5
35 6
35 7
35 8
35 9
35 10
35 11
35 12
35 13
35 14
35 16
35 18
35 20
35 21
35 23
35 24
35 25
35 26
35 27
35 29
35 31
35 33
35 34
35 36
35 37
35 38
35 39
35 40
35 43
35 44
36 6
36 12
36 21
36 29
37 3
37 5
37 6
37 9
37 11
37 12
37 13
37 14
37 20
37 21
37 23
37 26
37 27
37 29
37 36
37 38
37 39
37 40
37 43
37 44
38 6
38 9
38 12
38 20
38 21
38 29
38 36
38 39
39 6
39 12
39 21
41 6
41 9
41 12
41 15
41 16
41 20
41 21
41 27
41 28
41 29
41 36
41 39
41 43
42 0
42 3
42 5
42 6
42 7
42 9
42 11
42 12
42 13
42 14
42 16
42 18
42 20
42 21
42 23
42 25
42 26
42 27
42 29
42 31
42 33
42 34
42 36
42 37
42 38
42 39
42 40
42 43
42 44
43 6
43 12
44 5
44 6
44 12
44 14
44 20
44 21
44 23
44 26
44 29
44 36
44 39
44 40
