75 1532
0 7
0 12
0 17
0 24
0 30
0 32
0 33
0 34
0 37
0 38
0 43
0 49
0 53
0 54
0 56
0 57
0 58
0 63
0 65
0 69
0 70
0 71
0 72
0 73
0 74
1 3
1 7
1 12
1 17
1 33
2 0
2 3
2 4
2 5
2 6
2 7
2 8
2 9
2 10
2 11
2 12
2 13
2 15
2 16
2 17
2 19
2 21
2 23
2 24
2 25
2 26
2 27
2 28
2 29
2 30
2 31
2 32
2 33
2 34
2 36
2 37
2 38
2 39
2 42
2 43
2 45
2 46
2 47
2 48
2 49
2 50
2 51
2 52
2 53
2 54
2 55
2 56
2 57
2 58
2 60
2 62
2 63
2 65
2 66
2 68
2 69
2 70
2 71
2 72
2 73
2 74
3 17
3 33
4 3
4 5
4 7
4 12
4 16
4 17
4 23
4 25
4 26
4 28
4 30
4 32
4 33
4 38
4 43
4 46
4 47
4 49
4 53
4 54
4 56
4 58
4 63
4 65
4 66
4 69
4 71
4 73
4 74
5 7
5 12
5 17
5 25
5 26
5 30
5 32
5 33
5 38
5 43
5 46
5 47
5 53
5 54
5 56
5 58
5 63
5 65
5 66
5 69
5 71
5 73
5 74
6 0
6 7
6 12
6 17
6 24
6 25
6 26
6 30
6 32
6 33
6 34
6 37
6 38
6 39
6 42
6 43
6 46
6 47
6 48
6 49
6 53
6 54
6 55
6 56
6 57
6 58
6 60
6 63
6 65
6 69
6 70
6 71
6 72
6 73
6 74
7 33
8 3
8 4
8 5
8 7
8 10
8 12
8 16
8 17
8 23
8 25
8 26
8 28
8 30
8 31
8 32
8 33
8 38
8 43
8 46
8 47
8 49
8 53
8 54
8 56
8 58
8 63
8 65
8 66
8 69
8 70
8 71
8 73
8 74
9 3
9 7
9 10
9 12
9 17
9 23
9 25
9 26
9 30
9 33
9 38
9 43
9 45
9 46
9 47
9 51
9 53
9 54
9 56
9 58
9 63
9 65
9 66
9 69
9 71
9 73
9 74
10 3
10 7
10 12
10 17
10 33
10 38
10 46
11 3
11 7
11 10
11 12
11 17
11 33
11 38
11 43
11 45
11 46
11 56
12 33
13 0
13 6
13 7
13 12
13 17
13 19
13 21
13 24
13 25
13 26
13 28
13 30
13 32
13 33
13 34
13 37
13 38
13 39
13 42
13 43
13 46
13 47
13 48
13 49
13 53
13 54
13 55
13 56
13 57
13 58
13 60
13 63
13 65
13 66
13 68
13 69
13 70
13 71
13 72
13 73
13 74
14 1
14 3
14 4
14 5
14 7
14 8
14 9
14 10
14 11
14 12
14 15
14 16
14 17
14 20
14 23
14 25
14 26
14 28
14 30
14 31
14 32
14 33
14 34
14 35
14 37
14 38
14 39
14 42
14 43
14 44
14 45
14 46
14 47
14 49
14 50
14 51
14 52
14 53
14 54
14 55
14 56
14 57
14 58
14 60
14 62
14 63
14 65
14 66
14 69
14 70
14 71
14 72
14 73
14 74
15 3
15 4
15 5
15 7
15 8
15 9
15 10
15 11
15 12
15 16
15 17
15 23
15 25
15 26
15 28
15 30
15 31
15 32
15 33
15 38
15 43
15 45
15 46
15 47
15 49
15 50
15 51
15 53
15 54
15 56
15 58
15 60
15 63
15 65
15 66
15 69
15 70
15 71
15 73
15 74
16 7
16 12
16 17
16 25
16 26
16 30
16 33
16 38
16 43
16 46
16 47
16 53
16 54
16 56
16 58
16 63
16 65
16 66
16 69
16 71
16 73
16 74
17 33
18 1
18 3
18 5
18 7
18 9
18 10
18 11
18 12
18 16
18 17
18 20
18 22
18 23
18 25
18 26
18 28
18 30
18 32
18 33
18 35
18 38
18 43
18 44
18 45
18 46
18 47
18 49
18 51
18 53
18 54
18 56
18 58
18 63
18 65
18 66
18 69
18 71
18 73
18 74
19 33
19 49
20 1
20 3
20 7
20 9
20 10
20 11
20 12
20 17
20 23
20 25
20 26
20 30
20 33
20 35
20 38
20 43
20 44
20 45
20 46
20 47
20 51
20 53
20 54
20 56
20 58
20 63
20 65
20 66
20 69
20 71
20 73
20 74
21 0
21 7
21 12
21 17
21 19
21 24
21 25
21 26
21 30
21 32
21 33
21 34
21 37
21 38
21 39
21 42
21 43
21 46
21 48
21 49
21 53
21 54
21 55
21 56
21 57
21 58
21 60
21 63
21 65
21 68
21 69
21 70
21 71
21 72
21 73
21 74
22 1
22 3
22 7
22 10
22 11
22 12
22 17
22 23
22 25
22 30
22 33
22 35
22 38
22 43
22 44
22 45
22 46
22 51
22 53
22 56
22 58
22 63
22 65
22 74
23 7
23 12
23 17
23 33
23 38
23 43
23 46
23 56
24 7
24 12
24 17
24 30
24 32
24 33
24 37
24 49
24 53
24 54
24 56
24 57
24 58
24 63
24 69
24 70
24 71
24 72
24 73
24 74
25 7
25 12
25 17
25 30
25 33
25 38
25 43
25 46
25 56
25 58
26 7
26 12
26 17
26 30
26 33
26 38
26 43
26 46
26 53
26 54
26 56
26 58
26 63
26 65
26 69
26 71
26 74
27 0
27 5
27 6
27 7
27 12
27 17
27 19
27 21
27 24
27 25
27 26
27 28
27 30
27 31
27 32
27 33
27 34
27 37
27 38
27 39
27 42
27 43
27 46
27 47
27 48
27 49
27 53
27 54
27 55
27 56
27 57
27 58
27 60
27 63
27 65
27 66
27 68
27 69
27 70
27 71
27 72
27 73
27 74
28 7
28 12
28 17
28 25
28 26
28 30
28 32
28 33
28 38
28 43
28 46
28 47
28 49
28 53
28 54
28 56
28 58
28 63
28 65
28 69
28 71
28 73
28 74
29 7
29 12
29 17
29 19
29 24
29 30
29 32
29 33
29 37
29 43
29 49
29 53
29 54
29 56
29 57
29 58
29 63
29 65
29 68
29 69
29 70
29 71
29 72
29 73
29 74
30 7
30 12
30 17
30 33
31 7
31 12
31 17
31 25
31 26
31 28
31 30
31 32
31 33
31 38
31 43
31 46
31 47
31 49
31 53
31 54
31 56
31 58
31 63
31 65
31 66
31 69
31 70
31 71
31 73
31 74
32 7
32 12
32 17
32 30
32 33
32 53
32 54
32 58
32 71
32 73
32 74
34 7
34 12
34 17
34 30
34 32
34 33
34 38
34 43
34 49
34 53
34 54
34 56
34 58
34 63
34 65
34 69
34 70
34 71
34 73
34 74
35 33
36 3
36 4
36 5
36 7
36 8
36 10
36 12
36 16
36 17
36 23
36 25
36 26
36 28
36 30
36 31
36 32
36 33
36 34
36 37
36 38
36 39
36 42
36 43
36 45
36 46
36 47
36 49
36 50
36 51
36 52
36 53
36 54
36 55
36 56
36 57
36 58
36 60
36 62
36 63
36 65
36 66
36 69
36 70
36 71
36 72
36 73
36 74
37 7
37 12
37 17
37 30
37 33
37 49
37 53
37 54
37 58
37 73
37 74
38 7
38 12
38 17
38 33
39 7
39 12
39 17
39 30
39 32
39 33
39 34
39 37
39 38
39 42
39 43
39 46
39 49
39 53
39 54
39 56
39 58
39 63
39 65
39 69
39 70
39 71
39 72
39 73
39 74
40 0
40 3
40 4
40 5
40 6
40 7
40 8
40 10
40 12
40 13
40 16
40 17
40 19
40 21
40 23
40 24
40 25
40 26
40 27
40 28
40 29
40 30
40 31
40 32
40 33
40 34
40 36
40 37
40 38
40 39
40 42
40 43
40 45
40 46
40 47
40 48
40 49
40 50
40 51
40 52
40 53
40 54
40 55
40 56
40 57
40 58
40 60
40 62
40 63
40 65
40 66
40 68
40 69
40 70
40 71
40 72
40 73
40 74
41 0
41 5
41 6
41 7
41 12
41 13
41 17
41 19
41 21
41 24
41 25
41 26
41 27
41 28
41 29
41 30
41 31
41 32
41 33
41 34
41 37
41 38
41 39
41 42
41 43
41 46
41 47
41 48
41 49
41 53
41 54
41 55
41 56
41 57
41 58
41 60
41 63
41 65
41 66
41 68
41 69
41 70
41 71
41 72
41 73
41 74
42 7
42 12
42 17
42 30
42 32
42 33
42 34
42 37
42 38
42 43
42 46
42 49
42 53
42 54
42 56
42 58
42 63
42 65
42 69
42 70
42 71
42 72
42 73
42 74
43 7
43 12
43 17
43 33
44 3
44 7
44 10
44 11
44 12
44 17
44 23
44 30
44 33
44 38
44 43
44 45
44 46
44 51
44 56
44 58
45 3
45 7
45 12
45 17
45 33
45 38
46 7
46 12
46 17
46 33
46 38
47 7
47 12
47 17
47 25
47 30
47 33
47 38
47 43
47 46
47 53
47 54
47 56
47 58
47 63
47 65
47 69
47 71
47 74
48 0
48 7
48 12
48 17
48 24
48 25
48 26
48 30
48 32
48 33
48 34
48 37
48 38
48 39
48 42
48 43
48 46
48 49
48 53
48 54
48 55
48 56
48 57
48 58
48 63
48 65
48 69
48 70
48 71
48 72
48 73
48 74
49 33
50 3
50 4
50 5
50 7
50 10
50 12
50 16
50 17
50 23
50 25
50 26
50 28
50 30
50 32
50 33
50 38
50 43
50 46
50 47
50 49
50 53
50 54
50 56
50 58
50 63
50 65
50 66
50 69
50 70
50 71
50 73
50 74
51 3
51 7
51 10
51 12
51 17
51 23
51 30
51 33
51 38
51 43
51 45
51 46
51 56
52 3
52 5
52 7
52 12
52 16
52 17
52 23
52 25
52 26
52 28
52 30
52 31
52 32
52 33
52 34
52 37
52 38
52 39
52 42
52 43
52 46
52 47
52 49
52 53
52 54
52 56
52 58
52 60
52 62
52 63
52 65
52 66
52 69
52 70
52 71
52 72
52 73
52 74
53 7
53 33
53 74
54 33
54 74
55 7
55 12
55 17
55 30
55 32
55 33
55 34
55 37
55 38
55 39
55 42
55 43
55 46
55 49
55 53
55 54
55 56
55 57
55 58
55 63
55 65
55 69
55 70
55 71
55 72
55 73
55 74
56 7
56 12
56 17
56 33
57 7
57 12
57 17
57 30
57 32
57 33
57 37
57 49
57 53
57 54
57 58
57 71
57 72
57 73
57 74
58 7
58 12
58 17
58 30
58 33
59 7
59 12
59 17
59 19
59 24
59 29
59 30
59 32
59 33
59 34
59 37
59 38
59 43
59 49
59 53
59 54
59 56
59 57
59 58
59 63
59 65
59 68
59 69
59 70
59 71
59 72
59 73
59 74
60 7
60 12
60 17
60 25
60 26
60 30
60 32
60 33
60 38
60 43
60 46
60 49
60 53
60 54
60 56
60 58
60 63
60 65
60 69
60 70
60 71
60 73
60 74
61 0
61 7
61 12
61 17
61 19
61 24
61 26
61 29
61 30
61 32
61 33
61 34
61 37
61 38
61 39
61 42
61 43
61 46
61 49
61 53
61 54
61 55
61 56
61 57
61 58
61 59
61 63
61 65
61 68
61 69
61 70
61 71
61 72
61 73
61 74
62 3
62 5
62 7
62 12
62 16
62 17
62 23
62 25
62 26
62 28
62 30
62 31
62 32
62 33
62 34
62 37
62 38
62 43
62 46
62 47
62 49
62 53
62 54
62 56
62 58
62 60
62 63
62 65
62 66
62 69
62 70
62 71
62 72
62 73
62 74
63 7
63 12
63 17
63 30
63 33
63 56
63 58
64 0
64 1
64 2
64 3
64 4
64 5
64 6
64 7
64 8
64 9
64 10
64 11
64 12
64 13
64 14
64 15
64 16
64 17
64 18
64 19
64 20
64 21
64 22
64 23
64 24
64 25
64 26
64 27
64 28
64 29
64 30
64 31
64 32
64 33
64 34
64 35
64 36
64 37
64 38
64 39
64 40
64 41
64 42
64 43
64 44
64 45
64 46
64 47
64 48
64 49
64 50
64 51
64 52
64 53
64 54
64 55
64 56
64 57
64 58
64 59
64 60
64 61
64 62
64 63
64 65
64 66
64 67
64 68
64 69
64 70
64 71
64 72
64 73
64 74
65 7
65 12
65 17
65 30
65 33
65 56
65 58
66 7
66 12
66 17
66 25
66 30
66 33
66 38
66 43
66 46
66 53
66 54
66 56
66 58
66 63
66 65
66 69
66 74
67 0
67 7
67 12
67 17
67 19
67 21
67 24
67 25
67 26
67 29
67 30
67 32
67 33
67 34
67 37
67 38
67 39
67 42
67 43
67 46
67 47
67 48
67 49
67 53
67 54
67 55
67 56
67 57
67 58
67 60
67 63
67 65
67 68
67 69
67 70
67 71
67 72
67 73
67 74
68 7
68 12
68 17
68 19
68 30
68 32
68 33
68 37
68 49
68 53
68 54
68 56
68 57
68 58
68 69
68 71
68 72
68 73
68 74
69 7
69 12
69 17
69 30
69 33
69 53
69 58
69 74
70 7
70 12
70 17
70 30
70 32
70 33
70 49
70 53
70 54
70 56
70 58
70 63
70 69
70 71
70 73
70 74
71 7
71 12
71 17
71 30
71 33
71 53
71 54
71 58
71 74
72 7
72 12
72 17
72 30
72 33
72 49
72 53
72 54
72 58
72 74
73 7
73 12
73 17
73 30
73 33
73 53
73 54
73 58
73 74
74 33
