75 1522
0 4
0 5
0 9
0 11
0 16
0 17
0 18
0 25
0 28
0 30
0 31
0 32
0 37
0 40
0 45
0 47
0 50
0 55
0 64
0 65
0 67
0 71
0 72
1 2
1 5
1 8
1 9
1 10
1 11
1 16
1 17
1 25
1 28
1 31
1 32
1 33
1 37
1 38
1 39
1 40
1 42
1 44
1 45
1 47
1 50
1 52
1 58
1 61
1 63
1 65
1 66
1 71
1 72
1 73
1 74
2 16
2 17
2 25
2 31
2 39
2 40
2 44
2 45
2 47
2 61
2 65
2 66
2 71
2 72
2 73
3 1
3 2
3 4
3 5
3 8
3 9
3 10
3 11
3 14
3 16
3 17
3 20
3 25
3 27
3 28
3 30
3 31
3 32
3 33
3 37
3 38
3 39
3 40
3 42
3 43
3 44
3 45
3 47
3 48
3 50
3 52
3 54
3 55
3 58
3 61
3 63
3 65
3 66
3 70
3 71
3 72
3 73
3 74
4 40
4 45
5 9
5 16
5 17
5 40
5 45
5 71
6 4
6 5
6 9
6 16
6 17
6 37
6 40
6 45
6 50
6 71
7 17
7 26
7 31
7 44
7 48
7 66
7 72
7 73
8 16
8 17
8 31
8 39
8 44
8 47
8 65
8 66
8 71
8 72
8 73
9 16
9 17
9 40
9 45
9 71
10 5
10 9
10 11
10 16
10 17
10 25
10 28
10 31
10 32
10 37
10 39
10 40
10 44
10 45
10 47
10 50
10 61
10 65
10 71
10 72
10 74
11 5
11 9
11 16
11 17
11 25
11 40
11 45
11 65
11 71
11 72
12 1
12 2
12 3
12 4
12 5
12 7
12 8
12 9
12 10
12 11
12 14
12 15
12 16
12 17
12 19
12 20
12 21
12 22
12 23
12 25
12 26
12 27
12 28
12 29
12 30
12 31
12 32
12 33
12 35
12 36
12 37
12 38
12 39
12 40
12 42
12 43
12 44
12 45
12 47
12 48
12 49
12 50
12 51
12 52
12 54
12 55
12 56
12 57
12 58
12 60
12 61
12 62
12 63
12 65
12 66
12 68
12 70
12 71
12 72
12 73
12 74
13 1
13 2
13 3
13 4
13 5
13 7
13 8
13 9
13 10
13 11
13 14
13 15
13 16
13 17
13 18
13 19
13 20
13 21
13 22
13 23
13 24
13 25
13 26
13 27
13 28
13 29
13 30
13 31
13 32
13 33
13 35
13 36
13 37
13 38
13 39
13 40
13 42
13 43
13 44
13 45
13 47
13 48
13 49
13 50
13 51
13 52
13 54
13 55
13 56
13 57
13 58
13 59
13 60
13 61
13 62
13 63
13 64
13 65
13 66
13 67
13 68
13 69
13 70
13 71
13 72
13 73
13 74
14 5
14 9
14 11
14 16
14 17
14 25
14 28
14 31
14 32
14 37
14 40
14 44
14 45
14 47
14 50
14 61
14 65
14 71
14 72
14 74
15 1
15 2
15 3
15 4
15 5
15 8
15 9
15 10
15 11
15 14
15 16
15 17
15 20
15 21
15 23
15 25
15 27
15 28
15 30
15 31
15 32
15 33
15 35
15 36
15 37
15 38
15 39
15 40
15 42
15 43
15 44
15 45
15 47
15 48
15 50
15 52
15 54
15 55
15 56
15 58
15 60
15 61
15 63
15 65
15 66
15 68
15 70
15 71
15 72
15 73
15 74
16 17
18 4
18 5
18 9
18 11
18 16
18 17
18 25
18 28
18 30
18 31
18 32
18 37
18 40
18 45
18 47
18 50
18 55
18 65
18 71
18 72
19 1
19 2
19 3
19 4
19 5
19 7
19 8
19 9
19 10
19 11
19 14
19 16
19 17
19 20
19 22
19 23
19 25
19 26
19 27
19 28
19 29
19 30
19 31
19 32
19 33
19 36
19 37
19 38
19 39
19 40
19 42
19 43
19 44
19 45
19 47
19 48
19 49
19 50
19 52
19 54
19 55
19 56
19 58
19 60
19 61
19 62
19 63
19 65
19 66
19 68
19 70
19 71
19 72
19 73
19 74
20 8
20 16
20 17
20 31
20 39
20 42
20 43
20 44
20 45
20 47
20 48
20 65
20 66
20 71
20 72
20 73
21 1
21 2
21 3
21 4
21 5
21 8
21 9
21 10
21 11
21 14
21 16
21 17
21 20
21 25
21 27
21 28
21 30
21 31
21 32
21 33
21 35
21 36
21 37
21 38
21 39
21 40
21 42
21 43
21 44
21 45
21 47
21 48
21 50
21 52
21 54
21 55
21 58
21 61
21 63
21 65
21 66
21 70
21 71
21 72
21 73
21 74
22 7
22 17
22 26
22 31
22 44
22 48
22 66
22 72
22 73
23 8
23 16
23 17
23 20
23 31
23 36
23 38
23 39
23 40
23 42
23 43
23 44
23 45
23 47
23 48
23 61
23 65
23 66
23 71
23 72
23 73
24 1
24 2
24 3
24 4
24 5
24 7
24 8
24 9
24 10
24 11
24 14
24 15
24 16
24 17
24 18
24 19
24 20
24 21
24 22
24 23
24 25
24 26
24 27
24 28
24 29
24 30
24 31
24 32
24 33
24 35
24 36
24 37
24 38
24 39
24 40
24 42
24 43
24 44
24 45
24 47
24 48
24 49
24 50
24 52
24 54
24 55
24 56
24 57
24 58
24 59
24 60
24 61
24 62
24 63
24 64
24 65
24 66
24 68
24 69
24 70
24 71
24 72
24 73
24 74
25 16
25 17
25 40
25 45
25 71
26 31
26 44
26 48
26 66
26 72
26 73
27 1
27 2
27 4
27 5
27 8
27 9
27 10
27 11
27 14
27 16
27 17
27 25
27 28
27 30
27 31
27 32
27 33
27 37
27 38
27 39
27 40
27 42
27 43
27 44
27 45
27 47
27 50
27 52
27 55
27 58
27 61
27 63
27 65
27 66
27 70
27 71
27 72
27 73
27 74
28 9
28 16
28 17
28 25
28 31
28 40
28 45
28 47
28 65
28 71
28 72
29 7
29 16
29 17
29 26
29 31
29 36
29 39
29 42
29 43
29 44
29 48
29 65
29 66
29 68
29 72
29 73
30 4
30 5
30 9
30 16
30 17
30 37
30 40
30 45
30 50
30 71
31 72
32 5
32 9
32 16
32 17
32 25
32 37
32 40
32 45
32 50
32 65
32 71
32 72
33 16
33 17
33 25
33 31
33 39
33 40
33 44
33 45
33 47
33 61
33 65
33 66
33 71
33 72
33 73
34 0
34 4
34 5
34 6
34 9
34 11
34 16
34 17
34 18
34 25
34 28
34 30
34 31
34 32
34 37
34 40
34 45
34 47
34 50
34 55
34 64
34 65
34 67
34 71
34 72
35 4
35 5
35 9
35 11
35 16
35 17
35 25
35 28
35 30
35 31
35 32
35 37
35 40
35 45
35 47
35 50
35 55
35 65
35 70
35 71
35 72
36 17
36 31
36 39
36 43
36 44
36 48
36 66
36 72
36 73
37 16
37 17
37 40
37 45
37 71
38 16
38 17
38 31
38 39
38 40
38 44
38 45
38 47
38 65
38 66
38 71
38 72
38 73
39 17
39 31
39 44
39 72
41 0
41 1
41 2
41 3
41 4
41 5
41 7
41 8
41 9
41 10
41 11
41 14
41 15
41 16
41 17
41 18
41 19
41 20
41 21
41 22
41 23
41 24
41 25
41 26
41 27
41 28
41 29
41 30
41 31
41 32
41 33
41 35
41 36
41 37
41 38
41 39
41 40
41 42
41 43
41 44
41 45
41 47
41 48
41 49
41 50
41 51
41 52
41 54
41 55
41 56
41 57
41 58
41 59
41 60
41 61
41 62
41 63
41 64
41 65
41 66
41 67
41 68
41 69
41 70
41 71
41 72
41 73
41 74
42 17
42 31
42 39
42 44
42 65
42 66
42 72
42 73
43 17
43 31
43 39
43 44
43 66
43 72
43 73
44 31
44 72
46 0
46 2
46 4
46 5
46 6
46 8
46 9
46 10
46 11
46 14
46 16
46 17
46 18
46 25
46 28
46 30
46 31
46 32
46 33
46 35
46 37
46 38
46 39
46 40
46 44
46 45
46 47
46 50
46 55
46 58
46 59
46 61
46 63
46 64
46 65
46 66
46 67
46 70
46 71
46 72
46 73
46 74
47 16
47 17
47 65
47 71
47 72
48 31
48 66
48 72
48 73
49 1
49 2
49 4
49 5
49 7
49 8
49 9
49 10
49 11
49 14
49 16
49 17
49 20
49 22
49 23
49 25
49 26
49 28
49 29
49 30
49 31
49 32
49 33
49 36
49 37
49 38
49 39
49 40
49 42
49 43
49 44
49 45
49 47
49 48
49 50
49 52
49 55
49 56
49 58
49 60
49 61
49 62
49 63
49 65
49 66
49 68
49 71
49 72
49 73
49 74
50 9
50 16
50 17
50 40
50 45
50 71
51 1
51 2
51 3
51 4
51 5
51 7
51 8
51 9
51 10
51 11
51 14
51 16
51 17
51 19
51 20
51 22
51 23
51 25
51 26
51 27
51 28
51 29
51 30
51 31
51 32
51 33
51 36
51 37
51 38
51 39
51 40
51 42
51 43
51 44
51 45
51 47
51 48
51 49
51 50
51 52
51 54
51 55
51 56
51 57
51 58
51 60
51 61
51 62
51 63
51 65
51 66
51 68
51 70
51 71
51 72
51 73
51 74
52 2
52 5
52 8
52 9
52 10
52 11
52 16
52 17
52 25
52 28
52 31
52 32
52 33
52 37
52 38
52 39
52 40
52 44
52 45
52 47
52 50
52 58
52 61
52 63
52 65
52 66
52 71
52 72
52 73
52 74
53 0
53 1
53 2
53 3
53 4
53 5
53 8
53 9
53 10
53 11
53 14
53 15
53 16
53 17
53 18
53 20
53 21
53 23
53 25
53 27
53 28
53 30
53 31
53 32
53 33
53 35
53 36
53 37
53 38
53 39
53 40
53 42
53 43
53 44
53 45
53 47
53 48
53 50
53 52
53 54
53 55
53 56
53 58
53 59
53 60
53 61
53 63
53 64
53 65
53 66
53 67
53 68
53 69
53 70
53 71
53 72
53 73
53 74
54 1
54 2
54 4
54 5
54 8
54 9
54 10
54 11
54 14
54 16
54 17
54 25
54 28
54 30
54 31
54 32
54 33
54 37
54 38
54 39
54 40
54 42
54 43
54 44
54 45
54 47
54 50
54 52
54 55
54 58
54 61
54 63
54 65
54 66
54 70
54 71
54 72
54 73
54 74
55 4
55 5
55 9
55 16
55 17
55 37
55 40
55 45
55 50
55 71
56 2
56 5
56 8
56 9
56 11
56 16
56 17
56 20
56 23
56 25
56 28
56 31
56 33
56 36
56 38
56 39
56 40
56 42
56 43
56 44
56 45
56 47
56 48
56 50
56 61
56 63
56 65
56 66
56 71
56 72
56 73
56 74
57 7
57 17
57 22
57 26
57 31
57 36
57 39
57 43
57 44
57 48
57 66
57 68
57 72
57 73
58 5
58 9
58 10
58 11
58 16
58 17
58 25
58 28
58 31
58 32
58 37
58 39
58 40
58 44
58 45
58 47
58 50
58 61
58 63
58 65
58 66
58 71
58 72
58 73
58 74
59 4
59 5
59 9
59 11
59 16
59 17
59 25
59 28
59 30
59 31
59 32
59 37
59 40
59 45
59 47
59 50
59 55
59 65
59 71
59 72
60 2
60 5
60 8
60 9
60 11
60 16
60 17
60 20
60 23
60 25
60 28
60 31
60 33
60 36
60 38
60 39
60 40
60 42
60 43
60 44
60 45
60 47
60 48
60 50
60 56
60 61
60 63
60 65
60 66
60 71
60 72
60 73
60 74
61 16
61 17
61 31
61 40
61 44
61 45
61 47
61 65
61 71
61 72
62 1
62 2
62 5
62 8
62 9
62 10
62 11
62 14
62 16
62 17
62 20
62 23
62 25
62 28
62 31
62 32
62 33
62 36
62 37
62 38
62 39
62 40
62 42
62 43
62 44
62 45
62 47
62 48
62 50
62 52
62 56
62 58
62 60
62 61
62 63
62 65
62 66
62 68
62 71
62 72
62 73
62 74
63 5
63 9
63 11
63 16
63 17
63 25
63 28
63 31
63 39
63 40
63 44
63 45
63 47
63 61
63 65
63 71
63 72
63 74
64 4
64 5
64 9
64 16
64 17
64 30
64 37
64 40
64 45
64 50
64 55
64 71
65 17
65 72
66 72
67 4
67 5
67 9
67 11
67 16
67 17
67 25
67 30
67 32
67 37
67 40
67 45
67 47
67 50
67 55
67 64
67 65
67 71
67 72
68 17
68 31
68 39
68 44
68 48
68 66
68 72
68 73
69 1
69 2
69 3
69 4
69 5
69 8
69 9
69 10
69 11
69 14
69 16
69 17
69 18
69 20
69 21
69 23
69 25
69 27
69 28
69 30
69 31
69 32
69 33
69 35
69 36
69 37
69 38
69 39
69 40
69 42
69 43
69 44
69 45
69 47
69 48
69 50
69 52
69 54
69 55
69 56
69 58
69 59
69 61
69 63
69 65
69 66
69 70
69 71
69 72
69 73
69 74
70 4
70 5
70 9
70 11
70 16
70 17
70 25
70 28
70 30
70 31
70 32
70 37
70 40
70 45
70 47
70 50
70 55
70 65
70 71
70 72
71 17
73 31
73 66
73 72
74 5
74 9
74 11
74 16
74 17
74 25
74 28
74 31
74 40
74 44
74 45
74 47
74 61
74 65
74 71
74 72
