70 1244
1 3
1 4
1 6
1 7
1 9
1 10
1 12
1 14
1 16
1 19
1 22
1 24
1 25
1 27
1 29
1 30
1 31
1 32
1 35
1 36
1 37
1 40
1 42
1 44
1 49
1 52
1 57
1 59
1 60
1 63
1 68
2 3
2 4
2 7
2 9
2 10
2 12
2 14
2 16
2 22
2 27
2 29
2 30
2 32
2 35
2 36
2 41
2 44
2 49
2 53
2 56
2 57
2 58
2 59
2 60
2 67
3 27
3 44
4 12
4 44
5 3
5 4
5 6
5 7
5 9
5 10
5 12
5 14
5 16
5 19
5 22
5 24
5 25
5 27
5 29
5 30
5 31
5 32
5 35
5 36
5 37
5 40
5 42
5 44
5 49
5 52
5 57
5 58
5 59
5 60
5 63
5 64
5 68
6 7
6 29
6 52
6 57
7 29
8 6
8 7
8 10
8 19
8 21
8 22
8 25
8 26
8 29
8 38
8 39
8 40
8 42
8 44
8 52
8 57
8 59
8 68
9 7
9 10
9 22
9 29
9 44
9 59
10 7
10 29
10 44
11 1
11 3
11 4
11 6
11 7
11 8
11 9
11 10
11 12
11 14
11 15
11 16
11 19
11 21
11 22
11 24
11 25
11 26
11 27
11 28
11 29
11 30
11 31
11 32
11 34
11 35
11 36
11 37
11 38
11 39
11 40
11 42
11 44
11 46
11 48
11 49
11 50
11 52
11 55
11 57
11 58
11 59
11 60
11 61
11 62
11 63
11 64
11 68
12 44
13 3
13 4
13 7
13 9
13 10
13 12
13 16
13 17
13 22
13 27
13 29
13 32
13 35
13 36
13 41
13 44
13 49
13 53
13 56
13 57
13 58
13 59
13 60
13 67
14 3
14 7
14 9
14 10
14 12
14 22
14 27
14 29
14 32
14 35
14 36
14 44
14 49
14 57
14 59
14 60
15 6
15 7
15 9
15 10
15 19
15 21
15 22
15 25
15 26
15 29
15 32
15 36
15 37
15 39
15 40
15 42
15 44
15 49
15 52
15 57
15 59
15 68
16 3
16 7
16 9
16 10
16 12
16 22
16 27
16 29
16 32
16 35
16 44
16 49
16 59
16 60
17 3
17 4
17 7
17 10
17 12
17 22
17 27
17 29
17 32
17 35
17 44
17 53
17 59
17 60
17 67
18 3
18 4
18 7
18 10
18 12
18 17
18 22
18 27
18 29
18 32
18 35
18 44
18 53
18 59
18 60
18 67
19 25
19 29
20 1
20 3
20 4
20 5
20 6
20 7
20 9
20 10
20 12
20 14
20 16
20 19
20 22
20 24
20 25
20 27
20 29
20 30
20 31
20 32
20 35
20 36
20 37
20 40
20 41
20 42
20 44
20 49
20 52
20 57
20 58
20 59
20 60
20 63
20 64
20 67
20 68
21 19
21 25
21 29
21 39
21 52
22 44
23 3
23 4
23 7
23 9
23 10
23 12
23 13
23 14
23 16
23 17
23 18
23 22
23 27
23 29
23 32
23 35
23 36
23 41
23 44
23 49
23 53
23 56
23 57
23 58
23 59
23 60
23 67
24 7
24 9
24 10
24 22
24 27
24 29
24 32
24 35
24 36
24 44
24 49
24 52
24 57
24 59
24 60
25 29
26 19
26 25
26 29
26 39
26 52
27 44
28 3
28 4
28 6
28 7
28 9
28 10
28 12
28 14
28 16
28 19
28 21
28 22
28 24
28 25
28 26
28 27
28 29
28 30
28 31
28 32
28 35
28 36
28 37
28 39
28 40
28 42
28 44
28 46
28 49
28 52
28 57
28 59
28 60
28 63
28 68
30 3
30 7
30 9
30 10
30 12
30 22
30 27
30 29
30 32
30 35
30 36
30 44
30 49
30 57
30 59
30 60
31 7
31 9
31 10
31 22
31 27
31 29
31 32
31 36
31 44
31 49
31 52
31 57
31 59
31 68
32 7
32 22
32 29
32 44
33 1
33 3
33 4
33 5
33 6
33 7
33 8
33 9
33 10
33 11
33 12
33 14
33 15
33 16
33 19
33 21
33 22
33 24
33 25
33 26
33 27
33 28
33 29
33 30
33 31
33 32
33 34
33 35
33 36
33 37
33 38
33 39
33 40
33 42
33 44
33 46
33 48
33 49
33 50
33 52
33 55
33 57
33 58
33 59
33 60
33 61
33 62
33 63
33 64
33 68
34 1
34 3
34 4
34 6
34 7
34 9
34 10
34 12
34 14
34 15
34 16
34 19
34 21
34 22
34 24
34 25
34 26
34 27
34 28
34 29
34 30
34 31
34 32
34 35
34 36
34 37
34 38
34 39
34 40
34 42
34 44
34 46
34 48
34 49
34 52
34 57
34 59
34 60
34 62
34 63
34 68
35 22
35 27
35 44
36 7
36 9
36 10
36 22
36 29
36 32
36 44
36 49
36 57
36 59
37 6
37 7
37 9
37 10
37 22
37 29
37 32
37 42
37 44
37 49
37 52
37 57
37 59
37 68
38 19
38 21
38 25
38 26
38 29
38 39
38 52
39 19
39 25
39 29
40 6
40 7
40 10
40 19
40 22
40 25
40 29
40 42
40 44
40 52
40 57
40 59
40 68
41 3
41 4
41 7
41 9
41 10
41 12
41 16
41 22
41 27
41 29
41 32
41 35
41 36
41 44
41 49
41 57
41 59
41 60
41 67
42 6
42 7
42 29
42 52
42 57
43 1
43 3
43 4
43 5
43 6
43 7
43 9
43 10
43 12
43 14
43 15
43 16
43 19
43 20
43 21
43 22
43 24
43 25
43 26
43 27
43 28
43 29
43 30
43 31
43 32
43 35
43 36
43 37
43 38
43 39
43 40
43 41
43 42
43 44
43 46
43 48
43 49
43 52
43 53
43 54
43 56
43 57
43 58
43 59
43 60
43 62
43 63
43 64
43 66
43 67
43 68
45 6
45 7
45 8
45 9
45 10
45 19
45 21
45 22
45 25
45 26
45 29
45 32
45 37
45 38
45 39
45 40
45 42
45 44
45 49
45 52
45 55
45 57
45 59
45 68
46 3
46 6
46 7
46 9
46 10
46 12
46 14
46 19
46 21
46 22
46 24
46 25
46 27
46 29
46 30
46 31
46 32
46 35
46 36
46 37
46 39
46 40
46 42
46 44
46 49
46 52
46 57
46 59
46 60
46 68
47 2
47 3
47 4
47 7
47 9
47 10
47 12
47 13
47 14
47 16
47 17
47 18
47 22
47 24
47 27
47 29
47 30
47 32
47 35
47 36
47 41
47 44
47 49
47 52
47 53
47 56
47 57
47 58
47 59
47 60
47 67
48 6
48 7
48 9
48 10
48 19
48 21
48 22
48 25
48 26
48 29
48 32
48 37
48 39
48 40
48 42
48 44
48 49
48 52
48 57
48 59
48 68
49 7
49 10
49 22
49 29
49 44
49 59
50 6
50 7
50 8
50 9
50 10
50 15
50 19
50 21
50 22
50 25
50 26
50 27
50 29
50 32
50 36
50 37
50 38
50 39
50 40
50 42
50 44
50 48
50 49
50 52
50 57
50 59
50 68
51 2
51 3
51 4
51 6
51 7
51 9
51 10
51 12
51 14
51 16
51 22
51 24
51 25
51 27
51 29
51 30
51 31
51 32
51 35
51 36
51 37
51 41
51 42
51 44
51 49
51 52
51 53
51 56
51 57
51 58
51 59
51 60
51 63
51 64
51 67
51 68
52 29
53 3
53 4
53 7
53 12
53 22
53 27
53 29
53 32
53 35
53 44
53 60
53 67
54 3
54 4
54 5
54 6
54 7
54 9
54 10
54 12
54 14
54 16
54 19
54 22
54 24
54 25
54 27
54 29
54 30
54 31
54 32
54 35
54 36
54 37
54 40
54 41
54 42
54 44
54 49
54 52
54 57
54 58
54 59
54 60
54 63
54 64
54 67
54 68
55 6
55 7
55 19
55 21
55 25
55 26
55 29
55 38
55 39
55 42
55 52
55 57
55 68
56 3
56 4
56 7
56 9
56 10
56 12
56 16
56 22
56 27
56 29
56 32
56 35
56 36
56 44
56 49
56 57
56 59
56 60
56 67
57 7
57 29
58 3
58 4
58 7
58 9
58 10
58 12
58 16
58 22
58 27
58 29
58 32
58 35
58 36
58 44
58 49
58 57
58 59
58 60
59 7
59 10
59 22
59 29
59 44
60 7
60 22
60 27
60 29
60 35
60 44
61 6
61 7
61 8
61 9
61 10
61 15
61 19
61 21
61 22
61 25
61 26
61 29
61 32
61 36
61 37
61 38
61 39
61 40
61 42
61 44
61 48
61 49
61 52
61 55
61 57
61 59
61 68
62 6
62 7
62 9
62 10
62 19
62 21
62 22
62 25
62 26
62 27
62 29
62 31
62 32
62 35
62 36
62 37
62 39
62 40
62 42
62 44
62 49
62 52
62 57
62 59
62 60
62 68
63 3
63 4
63 7
63 9
63 10
63 12
63 14
63 16
63 22
63 24
63 27
63 29
63 30
63 31
63 32
63 35
63 36
63 44
63 49
63 52
63 57
63 59
63 60
63 68
64 3
64 4
64 6
64 7
64 9
64 10
64 12
64 14
64 16
64 22
64 24
64 27
64 29
64 30
64 31
64 32
64 35
64 36
64 42
64 44
64 49
64 52
64 57
64 58
64 59
64 60
64 63
64 68
65 1
65 2
65 3
65 4
65 5
65 6
65 7
65 9
65 10
65 12
65 13
65 14
65 16
65 17
65 18
65 19
65 20
65 22
65 24
65 25
65 27
65 29
65 30
65 31
65 32
65 35
65 36
65 37
65 40
65 41
65 42
65 44
65 49
65 51
65 52
65 53
65 54
65 56
65 57
65 58
65 59
65 60
65 63
65 64
65 66
65 67
65 68
66 1
66 3
66 4
66 5
66 6
66 7
66 9
66 10
66 12
66 14
66 16
66 19
66 22
66 24
66 25
66 27
66 29
66 30
66 31
66 32
66 35
66 36
66 37
66 40
66 42
66 44
66 49
66 52
66 57
66 58
66 59
66 60
66 63
66 64
66 67
66 68
67 3
67 4
67 12
67 22
67 27
67 35
67 44
68 7
68 29
68 52
68 57
69 3
69 6
69 7
69 8
69 9
69 10
69 12
69 14
69 15
69 19
69 21
69 22
69 24
69 25
69 26
69 27
69 29
69 30
69 31
69 32
69 35
69 36
69 37
69 38
69 39
69 40
69 42
69 44
69 45
69 46
69 48
69 49
69 50
69 52
69 55
69 57
69 59
69 60
69 61
69 62
69 68
70 1
70 2
70 3
70 4
70 5
70 6
70 7
70 8
70 9
70 10
70 12
70 14
70 15
70 16
70 17
70 19
70 20
70 21
70 22
70 24
70 25
70 26
70 27
70 28
70 29
70 30
70 31
70 32
70 34
70 35
70 36
70 37
70 38
70 39
70 40
70 41
70 42
70 43
70 44
70 46
70 48
70 49
70 51
70 52
70 53
70 54
70 56
70 57
70 58
70 59
70 60
70 62
70 63
70 64
70 66
70 67
70 68
