50 679
1 3
1 4
1 6
1 7
1 8
1 9
1 10
1 11
1 13
1 14
1 16
1 18
1 19
1 20
1 22
1 24
1 25
1 30
1 31
1 32
1 33
1 35
1 36
1 37
1 39
1 40
1 42
1 43
1 45
1 47
1 48
2 1
2 3
2 4
2 6
2 7
2 8
2 9
2 10
2 11
2 13
2 14
2 15
2 16
2 18
2 19
2 20
2 21
2 22
2 24
2 25
2 27
2 29
2 30
2 31
2 32
2 33
2 35
2 36
2 37
2 39
2 40
2 42
2 43
2 45
2 46
2 47
2 48
3 4
3 9
3 13
3 14
3 25
3 30
3 33
3 35
3 37
3 40
3 43
3 48
4 25
5 4
5 6
5 7
5 9
5 10
5 11
5 12
5 14
5 19
5 21
5 22
5 24
5 25
5 32
5 36
5 37
5 39
5 40
5 43
5 44
5 45
6 25
7 4
7 6
7 10
7 14
7 22
7 25
7 32
7 36
8 4
8 9
8 10
8 13
8 14
8 19
8 20
8 25
8 30
8 32
8 33
8 35
8 37
8 40
8 43
8 48
9 4
9 14
9 25
9 37
10 25
11 4
11 10
11 14
11 25
11 32
11 40
12 21
12 25
13 4
13 9
13 14
13 25
13 37
13 40
14 25
15 14
15 25
15 37
15 42
16 4
16 9
16 10
16 11
16 13
16 14
16 19
16 20
16 25
16 30
16 31
16 32
16 36
16 37
16 39
16 40
16 43
16 45
17 3
17 4
17 9
17 10
17 13
17 14
17 15
17 18
17 25
17 29
17 30
17 33
17 35
17 37
17 40
17 42
17 43
17 46
17 48
18 3
18 4
18 9
18 13
18 14
18 25
18 30
18 33
18 35
18 37
18 40
18 42
18 43
18 48
19 4
19 10
19 14
19 25
19 32
19 37
19 40
19 43
20 4
20 9
20 10
20 13
20 14
20 25
20 32
20 37
20 40
20 43
21 25
22 25
23 3
23 4
23 6
23 8
23 9
23 10
23 11
23 13
23 14
23 15
23 16
23 17
23 18
23 19
23 20
23 22
23 25
23 27
23 29
23 30
23 31
23 32
23 33
23 35
23 36
23 37
23 39
23 40
23 42
23 43
23 45
23 46
23 47
23 48
24 4
24 6
24 7
24 10
24 11
24 14
24 22
24 25
24 32
24 36
24 37
24 40
24 45
26 1
26 2
26 3
26 4
26 6
26 7
26 8
26 9
26 10
26 11
26 12
26 13
26 14
26 15
26 16
26 17
26 18
26 19
26 20
26 21
26 22
26 23
26 24
26 25
26 27
26 29
26 30
26 31
26 32
26 33
26 35
26 36
26 37
26 38
26 39
26 40
26 42
26 43
26 44
26 45
26 46
26 47
26 48
26 49
27 3
27 4
27 9
27 10
27 13
27 14
27 18
27 19
27 20
27 25
27 30
27 32
27 33
27 35
27 37
27 40
27 42
27 43
27 47
27 48
28 3
28 4
28 6
28 7
28 8
28 9
28 10
28 11
28 13
28 14
28 15
28 16
28 17
28 18
28 19
28 20
28 22
28 23
28 24
28 25
28 27
28 29
28 30
28 31
28 32
28 33
28 34
28 35
28 36
28 37
28 39
28 40
28 42
28 43
28 45
28 46
28 47
28 48
29 4
29 9
29 13
29 14
29 15
29 25
29 30
29 37
29 40
29 42
29 48
30 4
30 9
30 14
30 25
30 37
31 4
31 9
31 10
31 11
31 13
31 14
31 19
31 25
31 32
31 36
31 37
31 39
31 40
31 43
31 45
32 25
33 4
33 9
33 13
33 14
33 25
33 30
33 35
33 37
33 40
33 43
33 48
34 3
34 4
34 6
34 8
34 9
34 10
34 11
34 13
34 14
34 15
34 16
34 17
34 18
34 19
34 20
34 25
34 27
34 29
34 30
34 31
34 32
34 33
34 35
34 36
34 37
34 39
34 40
34 42
34 43
34 45
34 46
34 47
34 48
35 4
35 9
35 13
35 14
35 25
35 30
35 37
35 40
35 43
36 10
36 25
36 32
38 3
38 4
38 6
38 7
38 8
38 9
38 10
38 11
38 12
38 13
38 14
38 16
38 18
38 19
38 20
38 21
38 22
38 24
38 25
38 30
38 31
38 32
38 33
38 35
38 36
38 37
38 39
38 40
38 42
38 43
38 44
38 45
38 47
38 48
39 4
39 10
39 11
39 14
39 25
39 32
39 36
39 37
39 40
40 4
40 14
40 25
41 1
41 3
41 4
41 6
41 7
41 8
41 9
41 10
41 11
41 12
41 13
41 14
41 16
41 18
41 19
41 20
41 21
41 22
41 24
41 25
41 30
41 31
41 32
41 33
41 35
41 36
41 37
41 38
41 39
41 40
41 42
41 43
41 44
41 45
41 47
41 48
42 25
42 37
43 4
43 14
43 25
43 37
43 40
44 4
44 6
44 7
44 10
44 11
44 14
44 21
44 22
44 24
44 25
44 32
44 36
44 37
44 39
44 40
44 43
44 45
45 4
45 10
45 14
45 25
45 32
45 36
46 3
46 4
46 9
46 10
46 13
46 14
46 15
46 18
46 25
46 29
46 30
46 33
46 35
46 37
46 40
46 42
46 43
46 48
47 4
47 9
47 10
47 13
47 14
47 19
47 20
47 25
47 30
47 32
47 33
47 35
47 37
47 40
47 43
47 48
48 4
48 14
48 25
48 37
49 1
49 2
49 3
49 4
49 6
49 7
49 8
49 9
49 10
49 11
49 12
49 13
49 14
49 15
49 16
49 18
49 19
49 20
49 21
49 22
49 24
49 25
49 27
49 29
49 30
49 31
49 32
49 33
49 35
49 36
49 37
49 38
49 39
49 40
49 42
49 43
49 44
49 45
49 46
49 47
49 48
50 4
50 6
50 7
50 9
50 10
50 11
50 12
50 13
50 14
50 16
50 19
50 20
50 21
50 22
50 24
50 25
50 30
50 31
50 32
50 33
50 35
50 36
50 37
50 39
50 40
50 43
50 44
50 45
50 48
