35 119
1 3
1 6
1 7
1 9
1 12
1 13
1 16
1 17
1 22
2 6
2 7
2 13
2 17
3 6
3 7
3 9
3 12
3 13
3 17
3 22
4 2
4 6
4 7
4 8
4 9
4 12
4 13
4 16
4 17
4 19
4 21
4 22
5 1
5 2
5 3
5 6
5 7
5 8
5 9
5 12
5 13
5 16
5 17
5 21
5 22
6 13
8 7
9 13
10 12
11 1
11 2
11 3
11 4
11 5
11 6
11 7
11 8
11 9
11 12
11 13
11 16
11 17
11 19
11 21
11 22
11 23
14 9
14 10
14 12
14 13
15 6
15 9
15 10
15 12
15 13
16 6
16 7
16 9
16 13
16 17
16 22
17 7
17 13
18 3
18 6
18 7
18 9
18 10
18 12
18 13
18 15
18 17
18 22
19 6
19 7
19 8
19 13
19 17
20 6
20 9
20 10
20 12
20 13
20 15
21 2
21 6
21 7
21 13
21 17
22 6
22 7
22 13
22 17
23 6
23 7
23 8
23 13
23 17
23 19
