60 905
1 3
1 5
1 22
1 23
1 27
1 28
1 29
1 32
1 37
1 39
1 47
1 50
1 60
2 1
2 3
2 5
2 7
2 14
2 15
2 22
2 23
2 27
2 28
2 29
2 32
2 36
2 37
2 39
2 47
2 50
2 58
2 59
2 60
3 5
3 22
3 32
3 39
3 60
4 3
4 5
4 15
4 19
4 22
4 24
4 26
4 28
4 29
4 30
4 32
4 34
4 36
4 37
4 39
4 41
4 43
4 45
4 46
4 47
4 48
4 50
4 54
4 56
4 58
4 60
6 1
6 2
6 3
6 4
6 5
6 7
6 8
6 10
6 14
6 15
6 16
6 17
6 19
6 21
6 22
6 23
6 24
6 26
6 27
6 28
6 29
6 30
6 31
6 32
6 34
6 36
6 37
6 38
6 39
6 40
6 41
6 42
6 43
6 44
6 45
6 46
6 47
6 48
6 50
6 51
6 52
6 54
6 56
6 58
6 59
6 60
7 5
7 37
8 1
8 3
8 5
8 7
8 14
8 15
8 22
8 23
8 27
8 28
8 29
8 32
8 36
8 37
8 39
8 45
8 47
8 50
8 51
8 58
8 60
9 1
9 3
9 5
9 7
9 12
9 14
9 15
9 21
9 22
9 23
9 27
9 28
9 29
9 32
9 35
9 37
9 38
9 39
9 42
9 47
9 50
9 57
9 58
9 59
9 60
10 1
10 2
10 3
10 5
10 7
10 14
10 15
10 22
10 23
10 27
10 28
10 29
10 32
10 36
10 37
10 38
10 39
10 42
10 47
10 50
10 58
10 59
10 60
11 1
11 2
11 3
11 5
11 7
11 10
11 12
11 14
11 15
11 21
11 22
11 23
11 27
11 28
11 29
11 32
11 35
11 36
11 37
11 38
11 39
11 42
11 47
11 50
11 57
11 58
11 59
11 60
12 5
12 7
12 22
12 23
12 27
12 28
12 29
12 32
12 37
12 39
12 47
12 50
12 59
12 60
13 1
13 2
13 3
13 5
13 7
13 8
13 10
13 12
13 14
13 15
13 21
13 22
13 23
13 24
13 27
13 28
13 29
13 32
13 36
13 37
13 38
13 39
13 42
13 45
13 47
13 50
13 51
13 54
13 57
13 58
13 59
13 60
14 3
14 5
14 22
14 28
14 29
14 32
14 37
14 39
14 47
14 50
14 60
15 5
15 22
15 32
15 39
15 60
16 19
16 30
16 32
16 36
16 39
16 46
16 58
17 3
17 5
17 15
17 19
17 22
17 24
17 26
17 28
17 29
17 30
17 32
17 34
17 36
17 37
17 39
17 45
17 46
17 47
17 48
17 50
17 54
17 58
17 60
18 1
18 2
18 3
18 5
18 7
18 10
18 12
18 14
18 15
18 21
18 22
18 23
18 27
18 28
18 29
18 32
18 35
18 36
18 37
18 38
18 39
18 42
18 45
18 47
18 50
18 51
18 57
18 58
18 59
18 60
19 32
19 36
19 58
20 1
20 2
20 3
20 5
20 7
20 8
20 10
20 14
20 15
20 17
20 19
20 21
20 22
20 23
20 24
20 26
20 27
20 28
20 29
20 30
20 32
20 34
20 36
20 37
20 38
20 39
20 42
20 45
20 46
20 47
20 48
20 49
20 50
20 51
20 52
20 54
20 56
20 58
20 59
20 60
21 1
21 3
21 5
21 7
21 14
21 15
21 22
21 23
21 27
21 28
21 29
21 32
21 37
21 38
21 39
21 47
21 50
21 59
21 60
23 5
23 37
23 50
23 60
24 5
24 22
24 32
24 36
24 39
24 54
24 58
25 5
25 7
25 22
25 23
25 27
25 28
25 29
25 32
25 37
25 39
25 47
25 50
25 59
25 60
26 5
26 19
26 22
26 24
26 32
26 34
26 36
26 39
26 46
26 54
26 58
27 5
27 23
27 37
27 50
27 60
28 5
28 22
28 29
28 39
28 60
29 5
29 60
30 19
30 32
30 36
30 46
30 58
31 3
31 5
31 15
31 19
31 22
31 24
31 26
31 28
31 29
31 30
31 32
31 34
31 36
31 37
31 39
31 41
31 43
31 45
31 46
31 47
31 48
31 50
31 54
31 56
31 58
31 60
33 1
33 2
33 3
33 4
33 5
33 7
33 8
33 10
33 11
33 12
33 13
33 14
33 15
33 17
33 18
33 19
33 20
33 21
33 22
33 23
33 24
33 26
33 27
33 28
33 29
33 30
33 31
33 32
33 34
33 35
33 36
33 37
33 38
33 39
33 40
33 41
33 42
33 43
33 44
33 45
33 46
33 47
33 48
33 49
33 50
33 51
33 52
33 54
33 56
33 57
33 58
33 59
33 60
34 19
34 32
34 36
34 39
34 58
35 1
35 3
35 5
35 7
35 12
35 14
35 15
35 22
35 23
35 27
35 28
35 29
35 32
35 37
35 39
35 47
35 50
35 59
35 60
36 58
38 1
38 3
38 5
38 7
38 14
38 15
38 22
38 23
38 27
38 28
38 29
38 32
38 37
38 39
38 47
38 50
38 59
38 60
40 1
40 3
40 5
40 7
40 8
40 14
40 15
40 17
40 19
40 22
40 23
40 24
40 26
40 27
40 28
40 29
40 30
40 32
40 34
40 36
40 37
40 39
40 41
40 45
40 46
40 47
40 48
40 50
40 51
40 52
40 54
40 56
40 58
40 60
41 3
41 5
41 15
41 19
41 22
41 24
41 26
41 29
41 30
41 32
41 34
41 36
41 39
41 46
41 48
41 54
41 58
41 60
42 1
42 3
42 5
42 7
42 14
42 15
42 22
42 23
42 27
42 28
42 29
42 32
42 37
42 38
42 39
42 47
42 50
42 58
42 59
42 60
43 19
43 30
43 32
43 34
43 36
43 39
43 46
43 54
43 58
44 1
44 2
44 3
44 4
44 5
44 7
44 8
44 14
44 15
44 17
44 19
44 22
44 23
44 24
44 26
44 27
44 28
44 29
44 30
44 31
44 32
44 34
44 36
44 37
44 38
44 39
44 40
44 41
44 42
44 43
44 45
44 46
44 47
44 48
44 50
44 51
44 52
44 54
44 56
44 58
44 59
44 60
45 3
45 5
45 15
45 22
45 28
45 29
45 32
45 36
45 37
45 39
45 58
45 60
46 32
46 36
46 58
47 5
47 29
47 37
47 50
47 60
48 5
48 19
48 22
48 32
48 34
48 36
48 39
48 46
48 54
48 58
49 1
49 2
49 3
49 5
49 7
49 8
49 10
49 14
49 15
49 19
49 21
49 22
49 23
49 24
49 27
49 28
49 29
49 32
49 34
49 36
49 37
49 38
49 39
49 42
49 45
49 46
49 47
49 50
49 51
49 54
49 58
49 59
49 60
50 5
50 37
51 1
51 3
51 5
51 7
51 14
51 15
51 22
51 23
51 27
51 28
51 29
51 32
51 36
51 37
51 39
51 45
51 47
51 50
51 58
51 60
52 3
52 5
52 14
52 15
52 19
52 22
52 23
52 24
52 26
52 28
52 29
52 32
52 34
52 36
52 37
52 39
52 45
52 46
52 47
52 50
52 54
52 58
52 60
53 1
53 2
53 3
53 5
53 7
53 8
53 9
53 10
53 11
53 12
53 14
53 15
53 18
53 21
53 22
53 23
53 25
53 27
53 28
53 29
53 32
53 35
53 36
53 37
53 38
53 39
53 42
53 45
53 47
53 50
53 51
53 54
53 55
53 57
53 58
53 59
53 60
54 32
54 36
54 39
54 58
55 1
55 3
55 5
55 7
55 12
55 14
55 15
55 21
55 22
55 23
55 27
55 28
55 29
55 32
55 35
55 37
55 38
55 39
55 42
55 47
55 50
55 57
55 58
55 59
55 60
56 3
56 5
56 15
56 19
56 22
56 24
56 26
56 29
56 30
56 32
56 34
56 36
56 39
56 46
56 48
56 54
56 58
56 60
57 1
57 3
57 5
57 7
57 14
57 15
57 22
57 23
57 27
57 28
57 29
57 32
57 37
57 38
57 39
57 47
57 50
57 59
57 60
59 5
59 37
60 5
