45 123
1 2
1 3
1 4
1 5
1 6
1 7
1 8
1 9
1 10
1 12
1 15
1 16
1 17
1 18
1 19
1 20
1 21
1 22
1 23
2 3
2 18
2 22
4 3
4 16
4 17
4 20
4 22
4 23
5 3
5 20
5 22
5 23
6 2
6 3
6 8
6 18
6 22
6 23
7 18
7 19
7 22
8 3
8 22
8 23
9 16
9 17
9 20
10 2
10 3
10 18
10 19
10 22
10 23
11 2
11 3
11 7
11 18
11 19
11 22
11 23
12 2
12 3
12 7
12 18
12 19
12 22
12 23
13 2
13 3
13 4
13 5
13 6
13 7
13 8
13 9
13 10
13 11
13 12
13 15
13 16
13 17
13 18
13 19
13 20
13 21
13 22
13 23
14 2
14 3
14 4
14 5
14 6
14 8
14 9
14 16
14 17
14 18
14 19
14 20
14 22
14 23
15 2
15 3
15 5
15 6
15 7
15 8
15 10
15 16
15 18
15 19
15 20
15 22
15 23
17 16
19 18
21 2
21 3
21 7
21 18
21 19
21 22
21 23
