75 1196
0 4
0 21
0 25
0 30
0 32
0 33
0 47
0 55
0 59
0 62
0 66
1 0
1 2
1 3
1 4
1 5
1 6
1 7
1 8
1 9
1 10
1 11
1 13
1 14
1 15
1 16
1 17
1 18
1 20
1 21
1 23
1 24
1 25
1 27
1 28
1 30
1 32
1 33
1 36
1 38
1 39
1 40
1 41
1 42
1 45
1 47
1 49
1 54
1 55
1 58
1 59
1 62
1 63
1 64
1 65
1 66
1 67
1 68
1 69
1 70
1 71
1 73
2 0
2 3
2 4
2 9
2 11
2 15
2 16
2 17
2 18
2 21
2 25
2 27
2 28
2 30
2 32
2 33
2 38
2 39
2 41
2 42
2 47
2 49
2 55
2 58
2 59
2 62
2 63
2 65
2 66
2 68
2 70
2 71
2 73
3 4
3 16
3 21
3 33
3 55
3 62
3 68
3 71
4 55
4 62
5 4
5 21
5 32
5 33
5 36
5 55
5 59
5 62
5 66
5 67
6 0
6 4
6 5
6 7
6 9
6 14
6 15
6 20
6 21
6 25
6 30
6 32
6 33
6 36
6 40
6 47
6 55
6 58
6 59
6 62
6 64
6 66
6 67
6 68
7 4
7 14
7 20
7 32
7 33
7 36
7 40
7 55
7 59
7 62
7 66
7 67
8 0
8 3
8 4
8 9
8 11
8 15
8 16
8 17
8 21
8 25
8 27
8 30
8 32
8 33
8 38
8 47
8 55
8 58
8 59
8 62
8 66
8 68
8 71
9 4
9 15
9 21
9 25
9 33
9 55
9 62
9 68
10 4
10 5
10 7
10 14
10 20
10 21
10 30
10 32
10 33
10 36
10 40
10 47
10 55
10 59
10 62
10 66
10 67
11 3
11 4
11 9
11 15
11 16
11 17
11 21
11 25
11 30
11 32
11 33
11 38
11 47
11 55
11 58
11 62
11 66
11 68
11 71
12 0
12 4
12 5
12 6
12 7
12 9
12 10
12 14
12 15
12 16
12 17
12 19
12 20
12 21
12 22
12 25
12 29
12 30
12 31
12 32
12 33
12 36
12 38
12 40
12 44
12 47
12 48
12 51
12 52
12 53
12 55
12 58
12 59
12 60
12 61
12 62
12 64
12 66
12 67
12 68
12 71
13 0
13 3
13 4
13 9
13 11
13 15
13 16
13 17
13 21
13 25
13 27
13 30
13 32
13 33
13 38
13 47
13 55
13 58
13 59
13 62
13 66
13 68
13 71
14 36
14 55
14 59
14 62
14 66
14 67
15 4
15 21
15 25
15 33
15 55
15 62
16 21
16 68
17 4
17 21
17 25
17 33
17 55
17 62
17 68
18 4
18 16
18 21
18 28
18 33
18 55
18 62
18 68
18 71
18 73
19 4
19 5
19 7
19 14
19 20
19 21
19 22
19 30
19 31
19 32
19 33
19 36
19 40
19 48
19 51
19 53
19 55
19 59
19 61
19 62
19 66
19 67
20 40
20 62
20 67
22 4
22 14
22 20
22 32
22 33
22 36
22 40
22 53
22 55
22 59
22 61
22 62
22 66
22 67
23 0
23 3
23 4
23 8
23 9
23 11
23 15
23 16
23 17
23 18
23 21
23 25
23 27
23 28
23 30
23 32
23 33
23 38
23 47
23 49
23 54
23 55
23 58
23 59
23 62
23 63
23 66
23 68
23 70
23 71
23 73
24 0
24 3
24 4
24 5
24 8
24 9
24 11
24 13
24 15
24 16
24 17
24 21
24 25
24 27
24 28
24 30
24 32
24 33
24 36
24 38
24 47
24 55
24 58
24 59
24 62
24 66
24 67
24 68
24 71
25 4
25 21
25 33
25 55
25 62
26 0
26 2
26 3
26 4
26 8
26 9
26 11
26 15
26 16
26 17
26 18
26 21
26 25
26 27
26 28
26 30
26 32
26 33
26 38
26 39
26 41
26 42
26 45
26 47
26 49
26 55
26 56
26 58
26 59
26 62
26 63
26 65
26 66
26 68
26 70
26 71
26 73
27 3
27 4
27 16
27 17
27 21
27 25
27 33
27 38
27 55
27 62
27 68
27 71
29 0
29 4
29 5
29 6
29 7
29 9
29 10
29 14
29 15
29 17
29 19
29 20
29 21
29 22
29 25
29 30
29 31
29 32
29 33
29 36
29 40
29 44
29 47
29 48
29 51
29 53
29 55
29 58
29 59
29 61
29 62
29 64
29 66
29 67
29 68
30 4
30 21
30 33
30 55
30 62
31 40
31 61
31 62
31 67
32 4
32 33
32 55
32 62
33 55
34 0
34 3
34 4
34 5
34 6
34 7
34 8
34 9
34 10
34 11
34 13
34 14
34 15
34 16
34 17
34 18
34 19
34 20
34 21
34 22
34 23
34 24
34 25
34 27
34 28
34 29
34 30
34 31
34 32
34 33
34 36
34 38
34 39
34 40
34 41
34 44
34 45
34 47
34 48
34 49
34 51
34 53
34 54
34 55
34 58
34 59
34 61
34 62
34 63
34 64
34 65
34 66
34 67
34 68
34 69
34 70
34 71
34 73
35 4
35 14
35 20
35 31
35 36
35 40
35 46
35 53
35 55
35 59
35 60
35 61
35 62
35 66
35 67
36 55
36 62
36 67
37 40
37 61
37 62
37 67
38 4
38 16
38 21
38 25
38 33
38 55
38 62
38 68
39 16
39 21
39 28
39 49
39 55
39 68
39 70
39 71
41 4
41 16
41 18
41 21
41 28
41 33
41 39
41 49
41 55
41 62
41 63
41 68
41 70
41 71
41 73
42 3
42 4
42 9
42 11
42 15
42 16
42 17
42 18
42 21
42 25
42 27
42 28
42 30
42 32
42 33
42 38
42 39
42 41
42 47
42 49
42 55
42 58
42 62
42 63
42 66
42 68
42 70
42 71
42 73
43 0
43 2
43 3
43 4
43 5
43 8
43 9
43 11
43 13
43 15
43 16
43 17
43 18
43 21
43 23
43 24
43 25
43 27
43 28
43 30
43 32
43 33
43 36
43 38
43 39
43 41
43 42
43 45
43 47
43 49
43 54
43 55
43 56
43 58
43 59
43 62
43 63
43 65
43 66
43 67
43 68
43 70
43 71
43 72
43 73
44 0
44 4
44 5
44 7
44 10
44 14
44 15
44 20
44 21
44 25
44 30
44 32
44 33
44 36
44 40
44 47
44 55
44 59
44 61
44 62
44 64
44 66
44 67
45 0
45 3
45 4
45 9
45 11
45 15
45 16
45 17
45 18
45 21
45 25
45 27
45 28
45 30
45 32
45 33
45 38
45 39
45 47
45 49
45 55
45 58
45 59
45 62
45 63
45 66
45 68
45 70
45 71
45 73
46 20
46 31
46 40
46 53
46 55
46 61
46 62
46 67
47 4
47 21
47 30
47 32
47 33
47 55
47 62
47 66
48 4
48 7
48 14
48 20
48 21
48 32
48 33
48 36
48 40
48 55
48 59
48 61
48 62
48 66
48 67
49 16
49 21
49 28
49 55
49 68
49 71
50 0
50 2
50 3
50 4
50 8
50 9
50 11
50 15
50 16
50 17
50 18
50 21
50 25
50 26
50 27
50 28
50 30
50 32
50 33
50 38
50 39
50 41
50 42
50 45
50 47
50 49
50 55
50 56
50 58
50 59
50 62
50 63
50 65
50 66
50 68
50 70
50 71
50 73
51 4
51 14
51 20
51 32
51 33
51 36
51 40
51 55
51 59
51 61
51 62
51 66
51 67
52 0
52 4
52 5
52 6
52 7
52 9
52 10
52 14
52 15
52 17
52 19
52 20
52 21
52 22
52 25
52 29
52 30
52 31
52 32
52 33
52 36
52 40
52 44
52 47
52 48
52 51
52 53
52 55
52 58
52 59
52 60
52 61
52 62
52 64
52 66
52 67
52 68
53 20
53 40
53 61
53 62
53 67
54 0
54 3
54 4
54 8
54 9
54 11
54 15
54 16
54 17
54 21
54 25
54 27
54 28
54 30
54 32
54 33
54 38
54 47
54 55
54 58
54 59
54 62
54 66
54 68
54 71
54 73
56 16
56 21
56 28
56 68
56 70
56 71
57 0
57 3
57 4
57 5
57 6
57 7
57 8
57 9
57 10
57 11
57 12
57 13
57 14
57 15
57 16
57 17
57 18
57 19
57 20
57 21
57 22
57 24
57 25
57 27
57 28
57 29
57 30
57 31
57 32
57 33
57 35
57 36
57 37
57 38
57 40
57 44
57 46
57 47
57 48
57 49
57 51
57 52
57 53
57 54
57 55
57 58
57 59
57 60
57 61
57 62
57 64
57 66
57 67
57 68
57 71
57 73
58 4
58 15
58 21
58 25
58 30
58 33
58 55
58 62
59 55
59 62
60 20
60 31
60 36
60 40
60 53
60 55
60 59
60 61
60 62
60 66
60 67
63 4
63 16
63 21
63 28
63 33
63 49
63 55
63 62
63 68
63 70
63 71
63 73
64 0
64 4
64 5
64 14
64 15
64 20
64 21
64 25
64 30
64 32
64 33
64 36
64 40
64 47
64 55
64 59
64 62
64 66
64 67
65 3
65 4
65 9
65 11
65 15
65 16
65 17
65 18
65 21
65 25
65 27
65 28
65 30
65 32
65 33
65 38
65 39
65 41
65 47
65 49
65 55
65 58
65 62
65 63
65 66
65 68
65 70
65 71
65 73
66 55
66 62
69 0
69 3
69 4
69 5
69 6
69 7
69 8
69 9
69 10
69 11
69 13
69 14
69 15
69 16
69 17
69 18
69 20
69 21
69 23
69 24
69 25
69 27
69 28
69 30
69 32
69 33
69 36
69 38
69 40
69 47
69 49
69 54
69 55
69 58
69 59
69 62
69 63
69 64
69 66
69 67
69 68
69 70
69 71
69 73
72 0
72 2
72 3
72 4
72 8
72 9
72 11
72 15
72 16
72 17
72 18
72 21
72 25
72 27
72 28
72 30
72 32
72 33
72 38
72 39
72 41
72 42
72 45
72 47
72 49
72 54
72 55
72 58
72 59
72 62
72 63
72 65
72 66
72 68
72 70
72 71
72 73
73 16
73 21
73 28
73 33
73 55
73 62
73 68
73 71
74 0
74 2
74 3
74 4
74 5
74 6
74 7
74 8
74 9
74 10
74 11
74 13
74 14
74 15
74 16
74 17
74 18
74 20
74 21
74 23
74 24
74 25
74 27
74 28
74 30
74 32
74 33
74 36
74 38
74 39
74 40
74 41
74 42
74 45
74 47
74 49
74 54
74 55
74 56
74 58
74 59
74 62
74 63
74 64
74 65
74 66
74 67
74 68
74 69
74 70
74 71
74 72
74 73
