45 184
1 2
1 3
1 4
1 5
1 6
1 8
1 13
1 14
1 15
1 17
1 18
1 20
1 21
1 22
1 25
1 26
1 27
1 29
3 2
3 5
3 13
3 20
3 21
3 22
3 29
4 2
4 5
4 13
4 14
4 20
4 29
6 5
6 8
7 2
7 5
7 6
7 8
7 10
7 15
7 16
7 20
7 22
7 23
7 25
7 26
7 28
8 5
9 2
9 3
9 5
9 6
9 8
9 13
9 14
9 15
9 20
9 21
9 22
9 25
9 26
9 29
10 5
11 2
11 5
11 6
11 8
11 10
11 23
11 25
12 2
12 5
12 6
12 8
12 10
12 15
12 16
12 20
12 22
12 23
12 25
12 26
12 28
14 2
14 5
14 13
14 20
14 29
15 2
15 5
15 8
15 20
15 22
16 2
16 5
16 6
16 8
16 10
16 23
16 25
17 2
17 5
17 13
17 14
17 18
17 20
17 29
18 2
18 5
18 13
18 20
19 2
19 13
19 20
20 2
21 2
21 5
21 20
22 2
22 5
23 5
23 6
23 8
23 10
24 2
24 5
24 6
24 8
24 10
24 15
24 20
24 22
24 23
24 25
24 26
24 28
25 2
25 5
25 8
26 2
26 5
26 8
26 22
27 2
27 3
27 4
27 5
27 8
27 13
27 14
27 15
27 17
27 18
27 20
27 21
27 22
27 26
27 29
28 2
28 5
28 6
28 8
28 22
28 25
29 2
29 5
29 13
29 20
30 2
30 3
30 5
30 6
30 8
30 10
30 13
30 15
30 20
30 21
30 22
30 23
30 24
30 25
30 26
30 28
30 29
