65 1015
0 40
1 4
1 13
1 14
1 19
1 22
1 25
1 28
1 30
1 40
1 47
2 0
2 4
2 13
2 14
2 19
2 22
2 24
2 25
2 27
2 28
2 30
2 32
2 35
2 40
2 47
2 60
3 15
3 28
3 39
3 50
4 13
4 22
4 25
4 28
4 30
4 40
4 47
5 4
5 13
5 14
5 19
5 22
5 25
5 28
5 30
5 32
5 40
5 47
6 3
6 4
6 13
6 15
6 22
6 25
6 28
6 30
6 34
6 39
6 40
6 44
6 47
6 50
6 55
7 1
7 3
7 4
7 5
7 6
7 11
7 13
7 14
7 15
7 19
7 22
7 25
7 28
7 29
7 30
7 32
7 34
7 39
7 40
7 44
7 45
7 47
7 49
7 50
7 51
7 54
7 55
7 60
7 61
7 62
8 1
8 3
8 4
8 5
8 6
8 7
8 11
8 12
8 13
8 14
8 15
8 19
8 22
8 25
8 28
8 29
8 30
8 31
8 32
8 34
8 39
8 40
8 44
8 45
8 46
8 47
8 49
8 50
8 51
8 54
8 55
8 60
8 61
8 62
9 0
9 1
9 3
9 4
9 5
9 6
9 7
9 11
9 12
9 13
9 14
9 15
9 17
9 19
9 22
9 24
9 25
9 27
9 28
9 29
9 30
9 31
9 32
9 34
9 35
9 37
9 39
9 40
9 43
9 44
9 45
9 46
9 47
9 48
9 49
9 50
9 51
9 52
9 54
9 55
9 60
9 61
9 62
10 0
10 1
10 2
10 4
10 5
10 13
10 14
10 15
10 16
10 17
10 18
10 19
10 20
10 22
10 23
10 24
10 25
10 26
10 27
10 28
10 30
10 32
10 35
10 39
10 40
10 44
10 47
10 51
10 53
10 54
10 60
10 64
11 4
11 13
11 15
11 22
11 25
11 28
11 30
11 39
11 40
11 44
11 47
11 55
12 3
12 13
12 15
12 28
12 39
12 50
12 61
14 19
14 22
14 25
14 30
14 40
14 47
15 39
16 0
16 13
16 14
16 19
16 20
16 22
16 23
16 24
16 25
16 26
16 27
16 28
16 30
16 32
16 35
16 40
16 47
16 60
16 64
17 1
17 4
17 5
17 13
17 14
17 19
17 22
17 25
17 28
17 30
17 32
17 39
17 40
17 44
17 47
17 51
17 54
17 60
18 0
18 4
18 13
18 14
18 19
18 20
18 22
18 24
18 25
18 26
18 27
18 28
18 30
18 32
18 35
18 40
18 47
18 60
19 22
19 25
19 30
19 40
19 47
20 0
20 14
20 19
20 22
20 24
20 25
20 26
20 27
20 30
20 32
20 35
20 40
20 47
20 60
21 0
21 1
21 2
21 4
21 5
21 11
21 13
21 14
21 15
21 17
21 18
21 19
21 20
21 22
21 24
21 25
21 26
21 27
21 28
21 29
21 30
21 32
21 34
21 35
21 37
21 39
21 40
21 44
21 47
21 51
21 54
21 55
21 60
21 62
21 63
21 64
22 30
23 0
23 27
23 40
23 64
24 0
24 14
24 19
24 22
24 25
24 30
24 40
24 47
24 60
25 30
26 0
26 22
26 27
26 30
26 35
26 40
26 47
26 60
27 0
27 40
29 1
29 4
29 5
29 13
29 14
29 15
29 19
29 22
29 25
29 28
29 30
29 32
29 39
29 40
29 44
29 47
29 55
31 1
31 3
31 4
31 5
31 6
31 11
31 12
31 13
31 14
31 15
31 19
31 22
31 25
31 28
31 29
31 30
31 32
31 34
31 39
31 40
31 44
31 46
31 47
31 49
31 50
31 54
31 55
31 60
31 61
31 62
32 14
32 19
32 22
32 25
32 30
32 40
32 47
33 0
33 1
33 2
33 4
33 5
33 13
33 14
33 16
33 18
33 19
33 20
33 22
33 23
33 24
33 25
33 26
33 27
33 28
33 30
33 32
33 35
33 38
33 40
33 44
33 47
33 51
33 53
33 58
33 60
33 64
34 13
34 15
34 28
34 39
34 44
34 55
35 0
35 27
35 30
35 40
36 0
36 1
36 2
36 3
36 4
36 5
36 6
36 11
36 13
36 14
36 15
36 17
36 18
36 19
36 20
36 21
36 22
36 23
36 24
36 25
36 26
36 27
36 28
36 29
36 30
36 32
36 34
36 35
36 37
36 39
36 40
36 41
36 42
36 43
36 44
36 45
36 47
36 48
36 49
36 50
36 51
36 53
36 54
36 55
36 57
36 60
36 61
36 62
36 63
36 64
37 1
37 4
37 5
37 13
37 14
37 15
37 17
37 19
37 22
37 25
37 28
37 30
37 32
37 39
37 40
37 44
37 47
37 51
37 54
37 55
37 60
37 62
38 0
38 23
38 27
38 30
38 35
38 40
38 47
38 60
38 64
41 0
41 1
41 2
41 4
41 5
41 13
41 14
41 15
41 17
41 18
41 19
41 20
41 22
41 23
41 24
41 25
41 26
41 27
41 28
41 30
41 32
41 35
41 39
41 40
41 44
41 47
41 51
41 53
41 54
41 55
41 60
41 62
41 63
41 64
42 0
42 1
42 2
42 4
42 5
42 13
42 14
42 15
42 17
42 18
42 19
42 20
42 22
42 23
42 24
42 25
42 26
42 27
42 28
42 29
42 30
42 32
42 35
42 37
42 39
42 40
42 44
42 47
42 51
42 53
42 54
42 55
42 60
42 62
42 63
42 64
43 0
43 1
43 4
43 5
43 11
43 13
43 14
43 15
43 17
43 19
43 22
43 24
43 25
43 27
43 28
43 29
43 30
43 32
43 34
43 37
43 39
43 40
43 44
43 47
43 50
43 51
43 54
43 55
43 60
43 62
44 13
44 28
45 1
45 3
45 4
45 5
45 6
45 11
45 13
45 14
45 15
45 19
45 22
45 25
45 28
45 29
45 30
45 32
45 34
45 39
45 40
45 44
45 47
45 49
45 50
45 54
45 55
45 60
45 62
46 3
46 4
46 12
46 13
46 15
46 22
46 25
46 28
46 30
46 34
46 39
46 40
46 44
46 47
46 50
46 55
46 61
47 30
47 40
48 0
48 1
48 3
48 4
48 5
48 6
48 11
48 13
48 14
48 15
48 17
48 19
48 22
48 24
48 25
48 27
48 28
48 29
48 30
48 32
48 34
48 37
48 39
48 40
48 43
48 44
48 47
48 49
48 50
48 51
48 54
48 55
48 60
48 62
49 3
49 4
49 11
49 13
49 15
49 22
49 25
49 28
49 30
49 34
49 39
49 40
49 44
49 47
49 50
49 55
50 15
50 28
50 39
51 1
51 4
51 5
51 13
51 14
51 19
51 22
51 25
51 28
51 30
51 32
51 40
51 44
51 47
51 60
52 0
52 1
52 3
52 4
52 5
52 6
52 7
52 11
52 12
52 13
52 14
52 15
52 17
52 19
52 22
52 24
52 25
52 27
52 28
52 29
52 30
52 31
52 32
52 34
52 37
52 39
52 40
52 43
52 44
52 45
52 46
52 47
52 48
52 49
52 50
52 51
52 54
52 55
52 60
52 61
52 62
53 0
53 13
53 14
53 19
53 20
53 22
53 24
53 25
53 26
53 27
53 28
53 30
53 32
53 35
53 40
53 47
53 60
53 64
54 1
54 4
54 5
54 13
54 14
54 19
54 22
54 25
54 28
54 30
54 32
54 40
54 44
54 47
55 13
55 15
55 28
55 39
56 0
56 1
56 2
56 3
56 4
56 5
56 6
56 11
56 13
56 14
56 15
56 17
56 18
56 19
56 20
56 21
56 22
56 23
56 24
56 25
56 26
56 27
56 28
56 29
56 30
56 32
56 34
56 35
56 37
56 39
56 40
56 43
56 44
56 45
56 47
56 48
56 49
56 50
56 51
56 53
56 54
56 55
56 57
56 60
56 61
56 62
56 63
56 64
57 0
57 1
57 2
57 4
57 5
57 11
57 13
57 14
57 15
57 17
57 19
57 22
57 24
57 25
57 26
57 27
57 28
57 29
57 30
57 32
57 34
57 35
57 37
57 39
57 40
57 44
57 47
57 51
57 54
57 55
57 60
57 62
57 63
58 0
58 13
58 14
58 16
58 19
58 20
58 22
58 23
58 24
58 25
58 26
58 27
58 28
58 30
58 32
58 35
58 38
58 40
58 47
58 53
58 60
58 64
59 1
59 3
59 4
59 5
59 6
59 7
59 11
59 12
59 13
59 14
59 15
59 19
59 22
59 25
59 28
59 29
59 30
59 31
59 32
59 34
59 39
59 40
59 44
59 45
59 46
59 47
59 49
59 50
59 51
59 54
59 55
59 60
59 61
59 62
60 30
60 40
60 47
62 1
62 4
62 5
62 13
62 14
62 15
62 19
62 22
62 25
62 28
62 30
62 32
62 39
62 40
62 44
62 47
62 54
63 0
63 1
63 2
63 4
63 5
63 13
63 14
63 15
63 17
63 19
63 22
63 24
63 25
63 27
63 28
63 30
63 32
63 35
63 39
63 40
63 44
63 47
63 51
63 54
63 60
64 40
