55 884
1 3
1 7
1 8
1 23
1 27
1 42
2 7
2 10
2 45
2 46
4 1
4 3
4 7
4 8
4 11
4 13
4 14
4 18
4 21
4 23
4 25
4 26
4 27
4 28
4 36
4 42
4 44
4 45
4 46
5 3
5 7
5 10
5 23
5 42
5 45
5 46
6 1
6 3
6 5
6 7
6 8
6 9
6 10
6 15
6 18
6 20
6 21
6 22
6 23
6 25
6 27
6 28
6 36
6 42
6 45
6 46
6 47
8 3
8 27
9 1
9 3
9 5
9 7
9 8
9 10
9 15
9 22
9 23
9 25
9 27
9 28
9 36
9 42
9 45
9 46
9 47
10 7
10 45
11 3
11 7
11 8
11 21
11 23
11 27
11 36
11 42
12 1
12 3
12 4
12 5
12 7
12 8
12 10
12 11
12 13
12 14
12 18
12 20
12 21
12 23
12 25
12 26
12 27
12 28
12 30
12 36
12 42
12 44
12 45
12 46
13 1
13 3
13 7
13 8
13 18
13 21
13 23
13 25
13 27
13 36
13 42
13 46
14 1
14 3
14 7
14 8
14 18
14 21
14 23
14 25
14 27
14 28
14 36
14 42
14 46
15 7
15 10
15 42
15 45
15 46
15 47
16 1
16 2
16 3
16 5
16 7
16 8
16 9
16 10
16 15
16 20
16 21
16 22
16 23
16 25
16 27
16 28
16 36
16 38
16 39
16 42
16 43
16 45
16 46
16 47
17 1
17 2
17 3
17 5
17 6
17 7
17 8
17 9
17 10
17 13
17 14
17 15
17 16
17 18
17 20
17 21
17 22
17 23
17 25
17 27
17 28
17 31
17 33
17 34
17 36
17 37
17 38
17 39
17 40
17 42
17 43
17 45
17 46
17 47
17 48
17 51
17 54
18 1
18 3
18 7
18 8
18 21
18 23
18 25
18 27
18 36
18 42
19 1
19 3
19 4
19 5
19 7
19 8
19 10
19 11
19 13
19 14
19 18
19 20
19 21
19 23
19 25
19 26
19 27
19 28
19 36
19 42
19 44
19 45
19 46
20 1
20 3
20 7
20 8
20 10
20 23
20 25
20 27
20 28
20 36
20 42
20 45
20 46
21 3
22 1
22 3
22 5
22 7
22 8
22 10
22 23
22 25
22 27
22 42
22 45
22 46
22 47
23 42
24 1
24 2
24 3
24 4
24 5
24 6
24 7
24 8
24 9
24 10
24 11
24 13
24 14
24 15
24 16
24 17
24 18
24 19
24 20
24 21
24 22
24 23
24 25
24 26
24 27
24 28
24 29
24 31
24 32
24 33
24 34
24 36
24 37
24 38
24 39
24 40
24 41
24 42
24 43
24 44
24 45
24 46
24 47
24 48
24 51
24 52
24 54
25 3
25 7
25 8
25 23
25 27
25 42
26 1
26 3
26 7
26 8
26 18
26 21
26 23
26 25
26 27
26 36
26 42
27 3
28 1
28 3
28 7
28 8
28 23
28 25
28 27
28 42
28 46
29 1
29 3
29 5
29 7
29 8
29 10
29 13
29 14
29 18
29 20
29 21
29 23
29 25
29 26
29 27
29 28
29 36
29 42
29 44
29 45
29 46
29 47
30 1
30 3
30 4
30 7
30 8
30 10
30 11
30 13
30 14
30 18
30 20
30 21
30 23
30 25
30 26
30 27
30 28
30 36
30 42
30 44
30 45
30 46
31 1
31 2
31 3
31 5
31 7
31 8
31 10
31 15
31 22
31 23
31 25
31 27
31 28
31 36
31 38
31 39
31 42
31 43
31 45
31 46
31 47
32 1
32 2
32 3
32 5
32 7
32 8
32 9
32 10
32 15
32 16
32 20
32 21
32 22
32 23
32 25
32 27
32 28
32 31
32 34
32 36
32 37
32 38
32 39
32 42
32 43
32 45
32 46
32 47
32 54
33 1
33 2
33 3
33 5
33 6
33 7
33 8
33 9
33 10
33 15
33 18
33 20
33 21
33 22
33 23
33 25
33 27
33 28
33 36
33 38
33 39
33 42
33 43
33 45
33 46
33 47
33 48
34 7
34 10
34 45
34 46
35 1
35 2
35 3
35 4
35 5
35 6
35 7
35 8
35 9
35 10
35 11
35 13
35 14
35 15
35 16
35 17
35 18
35 19
35 20
35 21
35 22
35 23
35 25
35 26
35 27
35 28
35 29
35 31
35 32
35 33
35 34
35 36
35 37
35 38
35 39
35 40
35 41
35 42
35 43
35 44
35 45
35 46
35 47
35 48
35 51
35 52
35 54
36 3
37 1
37 2
37 3
37 5
37 7
37 8
37 10
37 15
37 22
37 23
37 25
37 27
37 34
37 38
37 39
37 42
37 43
37 45
37 46
37 47
38 7
38 10
38 15
38 42
38 45
38 46
38 47
39 3
39 5
39 7
39 8
39 10
39 15
39 23
39 25
39 27
39 38
39 42
39 43
39 45
39 46
39 47
40 1
40 2
40 3
40 5
40 7
40 8
40 9
40 10
40 15
40 18
40 20
40 21
40 22
40 23
40 25
40 27
40 28
40 36
40 38
40 39
40 42
40 43
40 45
40 46
40 47
41 1
41 2
41 3
41 5
41 6
41 7
41 8
41 9
41 10
41 11
41 13
41 14
41 15
41 16
41 18
41 20
41 21
41 22
41 23
41 25
41 26
41 27
41 28
41 29
41 31
41 33
41 36
41 38
41 39
41 40
41 42
41 43
41 44
41 45
41 46
41 47
41 48
41 51
43 3
43 5
43 7
43 8
43 10
43 15
43 23
43 25
43 27
43 42
43 45
43 46
43 47
44 1
44 3
44 7
44 8
44 13
44 14
44 18
44 21
44 23
44 25
44 27
44 28
44 36
44 42
44 46
45 7
46 7
47 7
47 10
47 45
47 46
48 1
48 3
48 5
48 7
48 8
48 10
48 15
48 18
48 20
48 21
48 22
48 23
48 25
48 27
48 28
48 36
48 42
48 45
48 46
48 47
49 1
49 2
49 3
49 4
49 5
49 6
49 7
49 8
49 9
49 10
49 11
49 12
49 13
49 14
49 15
49 16
49 18
49 19
49 20
49 21
49 22
49 23
49 25
49 26
49 27
49 28
49 29
49 30
49 31
49 33
49 36
49 38
49 39
49 40
49 41
49 42
49 43
49 44
49 45
49 46
49 47
49 48
49 50
49 51
49 52
49 55
50 1
50 2
50 3
50 4
50 5
50 6
50 7
50 8
50 9
50 10
50 11
50 13
50 14
50 15
50 16
50 18
50 19
50 20
50 21
50 22
50 23
50 25
50 26
50 27
50 28
50 29
50 31
50 33
50 36
50 38
50 39
50 40
50 42
50 43
50 44
50 45
50 46
50 47
50 48
50 51
50 52
50 55
51 1
51 2
51 3
51 5
51 6
51 7
51 8
51 9
51 10
51 15
51 16
51 18
51 20
51 21
51 22
51 23
51 25
51 27
51 28
51 31
51 36
51 38
51 39
51 40
51 42
51 43
51 45
51 46
51 47
51 48
52 1
52 2
52 3
52 4
52 5
52 6
52 7
52 8
52 9
52 10
52 11
52 13
52 14
52 15
52 16
52 18
52 20
52 21
52 22
52 23
52 25
52 26
52 27
52 28
52 29
52 31
52 33
52 36
52 38
52 39
52 40
52 42
52 43
52 44
52 45
52 46
52 47
52 48
52 51
53 3
53 21
53 27
53 36
54 1
54 2
54 3
54 5
54 7
54 8
54 10
54 15
54 22
54 23
54 25
54 27
54 34
54 37
54 38
54 39
54 42
54 43
54 45
54 46
54 47
55 1
55 3
55 4
55 5
55 6
55 7
55 8
55 9
55 10
55 11
55 13
55 14
55 15
55 18
55 19
55 20
55 21
55 22
55 23
55 25
55 26
55 27
55 28
55 29
55 36
55 38
55 42
55 43
55 44
55 45
55 46
55 47
55 48
