55 749
1 5
1 6
1 7
1 8
1 9
1 12
1 15
1 17
1 18
1 19
1 21
1 23
1 24
1 26
1 27
1 29
1 30
1 40
1 43
1 46
1 47
1 49
1 51
1 52
1 53
1 54
2 4
2 43
2 49
3 4
3 6
3 9
3 14
3 15
3 17
3 18
3 21
3 22
3 23
3 26
3 28
3 29
3 30
3 43
3 46
3 49
3 51
3 54
4 49
5 6
5 17
5 26
5 30
5 46
7 5
7 6
7 8
7 12
7 17
7 18
7 26
7 30
7 46
8 6
8 17
8 26
8 30
8 46
9 6
9 21
10 2
10 4
10 6
10 9
10 14
10 15
10 17
10 18
10 21
10 22
10 23
10 26
10 28
10 29
10 30
10 43
10 46
10 49
10 51
10 54
11 5
11 6
11 7
11 8
11 9
11 12
11 14
11 15
11 17
11 18
11 19
11 21
11 23
11 24
11 25
11 26
11 27
11 28
11 29
11 30
11 35
11 40
11 43
11 46
11 47
11 49
11 51
11 52
11 53
11 54
12 6
12 8
12 17
12 26
12 30
12 46
13 3
13 4
13 6
13 8
13 9
13 14
13 15
13 17
13 18
13 21
13 22
13 23
13 26
13 28
13 29
13 30
13 43
13 46
13 49
13 51
13 54
14 6
14 9
14 15
14 17
14 18
14 21
14 23
14 28
14 29
14 30
14 43
14 46
14 49
15 6
15 9
15 18
15 21
15 29
15 30
15 43
16 5
16 6
16 7
16 8
16 12
16 17
16 18
16 19
16 24
16 26
16 30
16 41
16 45
16 46
17 46
18 6
18 30
19 17
19 30
19 46
20 2
20 4
20 43
20 49
22 6
22 9
22 21
22 28
22 29
22 43
22 49
23 6
23 9
23 18
23 21
23 29
23 30
23 43
24 17
24 19
24 30
24 46
25 5
25 6
25 7
25 8
25 9
25 12
25 15
25 17
25 18
25 19
25 21
25 23
25 24
25 26
25 29
25 30
25 40
25 43
25 46
25 47
25 49
25 51
25 53
25 54
26 17
26 30
26 46
27 5
27 6
27 7
27 8
27 9
27 12
27 15
27 17
27 18
27 19
27 21
27 23
27 24
27 26
27 29
27 30
27 40
27 43
27 46
27 47
27 49
27 51
27 52
27 53
27 54
28 6
28 9
28 21
28 43
28 49
29 6
29 21
31 1
31 3
31 4
31 5
31 6
31 7
31 8
31 9
31 11
31 12
31 14
31 15
31 17
31 18
31 19
31 21
31 22
31 23
31 24
31 25
31 26
31 27
31 28
31 29
31 30
31 32
31 35
31 40
31 41
31 43
31 44
31 46
31 47
31 49
31 51
31 52
31 53
31 54
32 5
32 6
32 7
32 8
32 9
32 12
32 14
32 15
32 17
32 18
32 19
32 21
32 22
32 23
32 24
32 25
32 26
32 28
32 29
32 30
32 35
32 40
32 43
32 46
32 47
32 49
32 51
32 53
32 54
33 2
33 3
33 4
33 5
33 6
33 7
33 8
33 9
33 10
33 12
33 13
33 14
33 15
33 17
33 18
33 19
33 21
33 22
33 23
33 24
33 25
33 26
33 27
33 28
33 29
33 30
33 32
33 34
33 35
33 36
33 37
33 40
33 43
33 46
33 47
33 48
33 49
33 51
33 52
33 53
33 54
33 55
34 3
34 4
34 5
34 6
34 7
34 8
34 9
34 12
34 14
34 15
34 17
34 18
34 19
34 21
34 22
34 23
34 24
34 25
34 26
34 28
34 29
34 30
34 32
34 35
34 40
34 43
34 46
34 47
34 49
34 51
34 52
34 53
34 54
35 5
35 6
35 7
35 8
35 9
35 12
35 15
35 17
35 18
35 19
35 21
35 23
35 26
35 28
35 29
35 30
35 40
35 43
35 46
35 47
35 49
35 51
35 54
36 2
36 3
36 4
36 5
36 6
36 7
36 8
36 9
36 10
36 12
36 13
36 14
36 15
36 17
36 18
36 19
36 21
36 22
36 23
36 24
36 25
36 26
36 28
36 29
36 30
36 32
36 35
36 37
36 40
36 43
36 46
36 47
36 49
36 51
36 52
36 53
36 54
37 3
37 4
37 5
37 6
37 8
37 9
37 12
37 13
37 14
37 15
37 17
37 18
37 21
37 22
37 23
37 26
37 28
37 29
37 30
37 43
37 46
37 47
37 49
37 51
37 54
38 5
38 6
38 7
38 8
38 9
38 12
38 15
38 16
38 17
38 18
38 19
38 21
38 23
38 24
38 26
38 29
38 30
38 40
38 41
38 43
38 45
38 46
38 47
38 52
38 53
39 46
40 5
40 6
40 7
40 8
40 9
40 12
40 17
40 18
40 21
40 26
40 29
40 30
40 46
41 17
41 19
41 30
41 46
42 5
42 6
42 7
42 8
42 9
42 12
42 15
42 16
42 17
42 18
42 19
42 21
42 23
42 24
42 26
42 29
42 30
42 38
42 39
42 40
42 41
42 43
42 45
42 46
42 47
42 51
42 52
42 53
42 54
44 1
44 5
44 6
44 7
44 8
44 9
44 12
44 15
44 17
44 18
44 19
44 21
44 23
44 24
44 25
44 26
44 27
44 28
44 29
44 30
44 40
44 43
44 46
44 47
44 49
44 51
44 52
44 53
44 54
45 17
45 19
45 30
45 41
45 46
47 6
47 8
47 9
47 17
47 18
47 21
47 26
47 29
47 30
47 43
47 46
48 2
48 4
48 6
48 9
48 15
48 18
48 21
48 22
48 23
48 28
48 29
48 30
48 43
48 49
50 1
50 2
50 3
50 4
50 5
50 6
50 7
50 8
50 9
50 10
50 11
50 12
50 13
50 14
50 15
50 16
50 17
50 18
50 19
50 21
50 22
50 23
50 24
50 25
50 26
50 27
50 28
50 29
50 30
50 31
50 32
50 34
50 35
50 36
50 37
50 38
50 39
50 40
50 41
50 43
50 44
50 45
50 46
50 47
50 49
50 51
50 52
50 53
50 54
51 6
51 9
51 15
51 17
51 18
51 21
51 23
51 26
51 29
51 30
51 43
51 46
52 5
52 6
52 7
52 8
52 9
52 12
52 15
52 17
52 18
52 19
52 21
52 24
52 26
52 29
52 30
52 40
52 43
52 46
52 47
52 53
53 5
53 6
53 7
53 8
53 12
53 17
53 18
53 19
53 21
53 26
53 30
53 46
54 6
54 9
54 15
54 17
54 18
54 21
54 23
54 26
54 29
54 30
54 43
54 46
55 2
55 4
55 6
55 9
55 14
55 15
55 17
55 18
55 21
55 22
55 23
55 26
55 28
55 29
55 30
55 43
55 46
55 49
