35 245
1 4
1 8
1 11
1 13
1 17
1 19
1 22
1 24
1 25
1 26
1 28
2 1
2 3
2 4
2 5
2 6
2 7
2 8
2 9
2 10
2 11
2 12
2 13
2 14
2 15
2 16
2 17
2 19
2 21
2 22
2 23
2 24
2 25
2 26
2 27
2 28
2 29
2 31
2 32
2 33
2 34
2 35
3 4
3 8
3 13
3 17
3 19
3 22
3 25
3 26
3 28
4 17
4 19
4 26
5 1
5 3
5 4
5 7
5 8
5 11
5 12
5 13
5 16
5 17
5 19
5 22
5 23
5 24
5 25
5 26
5 28
5 32
6 4
6 7
6 8
6 10
6 12
6 13
6 16
6 17
6 19
6 22
6 23
6 25
6 26
6 28
6 29
6 32
7 16
7 23
8 13
8 17
8 19
9 11
9 17
9 19
9 21
9 24
9 26
9 33
10 7
10 16
10 23
10 32
11 17
12 4
12 8
12 13
12 16
12 17
12 19
12 22
12 23
12 26
12 28
12 32
14 11
14 17
14 19
14 21
14 24
14 26
14 27
14 33
15 1
15 4
15 8
15 11
15 13
15 14
15 17
15 19
15 21
15 22
15 24
15 25
15 26
15 27
15 28
15 33
18 16
19 17
20 4
20 8
20 9
20 11
20 13
20 14
20 17
20 19
20 21
20 24
20 26
20 27
20 33
20 34
20 35
21 11
21 17
21 19
21 24
21 26
22 13
23 16
24 11
24 17
25 4
25 8
25 13
25 17
25 19
25 22
25 26
25 28
26 17
26 19
27 11
27 17
27 19
27 21
27 24
27 26
28 13
28 22
29 7
29 13
29 16
29 23
29 32
30 4
30 6
30 7
30 8
30 10
30 12
30 13
30 16
30 17
30 19
30 22
30 23
30 25
30 26
30 28
30 29
30 32
31 1
31 3
31 4
31 5
31 7
31 8
31 11
31 12
31 13
31 16
31 17
31 19
31 21
31 22
31 23
31 24
31 25
31 26
31 28
31 29
31 32
32 16
32 23
34 11
34 17
34 19
34 21
34 24
34 26
34 27
34 33
35 11
35 17
35 19
35 21
35 24
35 26
35 27
35 33
