40 414
0 1
0 4
0 5
0 6
0 7
0 12
0 13
0 14
0 18
0 21
0 22
0 25
0 26
0 33
0 35
0 36
0 38
0 39
1 25
2 1
2 3
2 4
2 5
2 6
2 7
2 9
2 12
2 13
2 14
2 16
2 18
2 19
2 20
2 21
2 22
2 25
2 26
2 27
2 28
2 31
2 33
2 34
2 35
2 36
2 38
3 1
3 4
3 5
3 6
3 12
3 14
3 16
3 18
3 19
3 20
3 25
3 26
3 27
3 33
3 34
3 36
3 38
4 12
4 14
4 25
4 26
4 36
5 1
5 12
5 14
5 18
5 25
5 26
5 33
5 36
5 38
6 12
6 14
6 25
6 26
6 36
7 1
7 12
7 13
7 14
7 18
7 21
7 22
7 25
7 26
7 33
7 35
7 36
7 38
8 1
8 25
9 12
9 14
9 25
9 26
9 36
11 1
11 7
11 12
11 13
11 14
11 18
11 21
11 22
11 25
11 26
11 33
11 35
11 36
11 38
12 25
12 36
13 1
13 12
13 14
13 22
13 25
13 26
13 36
14 12
14 25
14 26
14 36
15 1
15 4
15 5
15 7
15 12
15 13
15 14
15 18
15 21
15 22
15 25
15 26
15 33
15 35
15 36
15 38
16 4
16 6
16 12
16 14
16 20
16 25
16 26
16 27
16 33
16 34
16 36
16 38
17 0
17 1
17 4
17 5
17 6
17 7
17 11
17 12
17 13
17 14
17 15
17 18
17 21
17 22
17 25
17 26
17 33
17 35
17 36
17 38
17 39
18 1
18 12
18 14
18 25
18 26
18 36
19 4
19 6
19 12
19 14
19 20
19 25
19 26
19 27
19 33
19 34
19 36
19 38
20 12
20 14
20 25
20 26
20 36
21 1
21 12
21 14
21 22
21 25
21 26
21 35
21 36
22 1
22 25
23 1
23 8
23 12
23 13
23 14
23 21
23 22
23 25
23 26
23 35
23 36
24 10
24 25
26 25
27 4
27 6
27 12
27 14
27 20
27 25
27 26
27 33
27 34
27 36
27 38
28 6
28 9
28 12
28 14
28 20
28 25
28 26
28 34
28 36
29 0
29 1
29 3
29 4
29 5
29 6
29 7
29 8
29 9
29 10
29 11
29 12
29 13
29 14
29 15
29 16
29 17
29 18
29 19
29 20
29 21
29 22
29 23
29 25
29 26
29 27
29 30
29 32
29 33
29 34
29 35
29 36
29 38
29 39
30 0
30 1
30 4
30 5
30 6
30 7
30 11
30 12
30 13
30 14
30 15
30 17
30 18
30 21
30 22
30 25
30 26
30 33
30 35
30 36
30 38
30 39
31 4
31 6
31 9
31 12
31 14
31 16
31 19
31 20
31 25
31 26
31 27
31 33
31 34
31 36
31 38
32 0
32 1
32 4
32 5
32 6
32 7
32 8
32 10
32 11
32 12
32 13
32 14
32 15
32 17
32 18
32 19
32 20
32 21
32 22
32 23
32 25
32 26
32 27
32 30
32 33
32 34
32 35
32 36
32 38
32 39
33 12
33 14
33 25
33 26
33 36
34 6
34 12
34 14
34 25
34 26
34 36
35 1
35 25
37 0
37 1
37 3
37 4
37 5
37 6
37 7
37 8
37 9
37 11
37 12
37 13
37 14
37 15
37 16
37 17
37 18
37 19
37 20
37 21
37 22
37 23
37 25
37 26
37 27
37 30
37 31
37 33
37 34
37 35
37 36
37 38
37 39
38 12
38 14
38 25
38 26
38 33
38 36
39 1
39 4
39 5
39 6
39 7
39 12
39 13
39 14
39 18
39 21
39 22
39 25
39 26
39 33
39 35
39 36
39 38
