50 590
1 11
1 17
1 26
2 1
2 5
2 11
2 17
2 24
2 25
2 26
2 27
2 29
2 30
2 33
2 34
2 47
3 9
3 10
3 11
3 17
3 19
3 26
3 28
3 30
3 34
3 47
4 11
4 18
4 34
4 47
4 48
5 1
5 11
5 17
5 24
5 26
5 29
5 33
5 34
6 1
6 5
6 10
6 11
6 17
6 19
6 24
6 25
6 26
6 28
6 29
6 30
6 33
6 34
6 45
6 47
7 1
7 3
7 4
7 5
7 8
7 9
7 10
7 11
7 16
7 17
7 18
7 19
7 22
7 24
7 25
7 26
7 28
7 29
7 30
7 33
7 34
7 37
7 38
7 45
7 46
7 47
7 48
7 49
8 1
8 3
8 4
8 9
8 10
8 11
8 16
8 17
8 18
8 19
8 22
8 26
8 28
8 29
8 30
8 34
8 47
8 48
8 49
9 10
9 11
9 17
9 19
9 30
9 34
9 47
10 11
10 34
10 47
12 4
12 9
12 10
12 11
12 13
12 16
12 17
12 18
12 19
12 22
12 26
12 28
12 30
12 34
12 38
12 43
12 46
12 47
12 48
12 49
13 11
13 34
13 43
13 47
13 49
14 1
14 2
14 3
14 4
14 5
14 6
14 7
14 8
14 9
14 10
14 11
14 16
14 17
14 18
14 19
14 22
14 23
14 24
14 25
14 26
14 27
14 28
14 29
14 30
14 32
14 33
14 34
14 36
14 37
14 38
14 39
14 40
14 41
14 44
14 45
14 46
14 47
14 48
14 49
14 50
15 1
15 2
15 5
15 11
15 17
15 23
15 24
15 25
15 26
15 27
15 28
15 29
15 30
15 33
15 34
15 45
15 47
16 10
16 11
16 17
16 18
16 19
16 30
16 34
16 47
18 11
18 34
18 47
19 10
19 11
19 34
19 47
20 1
20 3
20 4
20 8
20 9
20 10
20 11
20 16
20 17
20 18
20 19
20 22
20 26
20 28
20 29
20 30
20 34
20 37
20 38
20 39
20 40
20 43
20 45
20 46
20 47
20 48
20 49
21 1
21 3
21 4
21 8
21 9
21 10
21 11
21 13
21 16
21 17
21 18
21 19
21 20
21 22
21 26
21 28
21 29
21 30
21 34
21 37
21 38
21 39
21 40
21 43
21 45
21 46
21 47
21 48
21 49
22 11
22 34
22 47
23 1
23 5
23 11
23 17
23 24
23 25
23 26
23 27
23 29
23 30
23 33
23 34
24 1
24 11
24 17
24 26
24 29
25 1
25 11
25 17
25 24
25 26
25 29
25 34
27 1
27 5
27 11
27 17
27 24
27 25
27 26
27 29
27 30
27 33
27 34
28 11
28 17
28 30
28 34
28 47
29 26
30 11
30 17
30 34
31 1
31 3
31 4
31 9
31 10
31 11
31 13
31 16
31 17
31 18
31 19
31 22
31 26
31 28
31 29
31 30
31 34
31 37
31 38
31 43
31 46
31 47
31 48
31 49
32 1
32 3
32 4
32 5
32 6
32 9
32 10
32 11
32 16
32 17
32 18
32 19
32 22
32 24
32 25
32 26
32 28
32 29
32 30
32 33
32 34
32 45
32 47
32 48
34 11
35 1
35 3
35 4
35 9
35 10
35 11
35 13
35 16
35 17
35 18
35 19
35 22
35 26
35 28
35 30
35 34
35 37
35 38
35 43
35 46
35 47
35 48
35 49
36 1
36 3
36 5
36 6
36 9
36 10
36 11
36 17
36 19
36 24
36 25
36 26
36 28
36 29
36 30
36 33
36 34
36 45
36 47
37 3
37 4
37 9
37 10
37 11
37 16
37 17
37 18
37 19
37 22
37 26
37 28
37 30
37 34
37 38
37 46
37 47
37 48
37 49
38 4
38 11
38 18
38 22
38 34
38 47
38 48
38 49
39 1
39 3
39 4
39 8
39 9
39 10
39 11
39 16
39 17
39 18
39 19
39 22
39 26
39 28
39 29
39 30
39 34
39 37
39 38
39 40
39 46
39 47
39 48
39 49
40 1
40 3
40 4
40 8
40 9
40 10
40 11
40 16
40 17
40 18
40 19
40 22
40 26
40 28
40 29
40 30
40 34
40 37
40 38
40 46
40 47
40 48
40 49
41 1
41 3
41 4
41 5
41 8
41 9
41 10
41 11
41 16
41 17
41 18
41 19
41 22
41 24
41 25
41 26
41 28
41 29
41 30
41 33
41 34
41 37
41 38
41 45
41 46
41 47
41 48
41 49
42 1
42 2
42 5
42 11
42 15
42 17
42 23
42 24
42 25
42 26
42 27
42 28
42 29
42 30
42 33
42 34
42 45
42 47
44 1
44 2
44 5
44 6
44 10
44 11
44 17
44 19
44 23
44 24
44 25
44 26
44 27
44 28
44 29
44 30
44 33
44 34
44 45
44 47
45 1
45 11
45 17
45 26
45 29
45 30
45 34
45 47
46 4
46 10
46 11
46 17
46 18
46 19
46 22
46 34
46 47
46 48
46 49
48 11
48 18
48 34
48 47
50 1
50 3
50 5
50 6
50 9
50 10
50 11
50 16
50 17
50 18
50 19
50 24
50 25
50 26
50 27
50 28
50 29
50 30
50 33
50 34
50 36
50 45
50 47
50 48
