70 1174
0 5
0 17
0 19
0 20
0 21
0 22
0 26
0 28
0 36
0 42
0 46
0 57
1 2
1 3
1 10
1 17
1 18
1 19
1 20
1 21
1 22
1 26
1 28
1 36
1 42
1 43
1 46
1 51
1 55
1 57
1 58
1 60
1 64
1 68
2 26
2 36
2 46
3 17
3 19
3 21
3 26
3 36
3 42
3 46
4 16
4 23
4 29
4 32
4 36
4 37
4 40
4 41
4 45
4 46
4 49
4 59
4 61
4 67
5 19
5 26
5 28
5 36
6 2
6 3
6 10
6 13
6 16
6 17
6 18
6 19
6 20
6 21
6 22
6 23
6 24
6 26
6 28
6 33
6 36
6 37
6 38
6 39
6 40
6 41
6 42
6 44
6 45
6 46
6 50
6 51
6 52
6 53
6 54
6 55
6 56
6 57
6 58
6 59
6 60
6 64
6 67
6 68
6 69
7 2
7 3
7 5
7 17
7 19
7 20
7 21
7 22
7 26
7 28
7 36
7 42
7 43
7 46
7 55
7 57
7 58
8 1
8 2
8 3
8 10
8 13
8 17
8 18
8 19
8 20
8 21
8 22
8 23
8 24
8 26
8 28
8 33
8 36
8 38
8 39
8 41
8 42
8 43
8 45
8 46
8 48
8 51
8 52
8 53
8 55
8 56
8 57
8 58
8 59
8 60
8 64
8 67
8 68
8 69
9 1
9 2
9 3
9 6
9 8
9 10
9 11
9 12
9 13
9 14
9 15
9 16
9 17
9 18
9 19
9 20
9 21
9 22
9 23
9 24
9 26
9 28
9 32
9 33
9 36
9 37
9 38
9 39
9 40
9 41
9 42
9 43
9 44
9 45
9 46
9 47
9 48
9 50
9 51
9 52
9 53
9 54
9 55
9 56
9 57
9 58
9 59
9 60
9 61
9 63
9 64
9 67
9 68
9 69
10 2
10 3
10 17
10 18
10 19
10 20
10 21
10 22
10 26
10 28
10 36
10 42
10 46
10 51
10 55
10 58
10 60
10 64
10 68
11 1
11 2
11 3
11 10
11 17
11 18
11 19
11 20
11 21
11 22
11 26
11 28
11 36
11 42
11 43
11 46
11 51
11 55
11 57
11 58
11 60
11 64
11 68
12 1
12 2
12 3
12 8
12 10
12 13
12 17
12 18
12 19
12 20
12 21
12 22
12 23
12 24
12 26
12 28
12 33
12 36
12 37
12 38
12 39
12 41
12 42
12 43
12 45
12 46
12 48
12 51
12 52
12 53
12 55
12 56
12 57
12 58
12 59
12 60
12 63
12 64
12 67
12 68
12 69
13 2
13 3
13 17
13 18
13 19
13 20
13 21
13 22
13 23
13 24
13 26
13 28
13 33
13 36
13 38
13 39
13 41
13 42
13 46
13 51
13 55
13 58
13 64
13 67
13 68
13 69
14 1
14 2
14 3
14 8
14 10
14 13
14 17
14 18
14 19
14 20
14 21
14 22
14 23
14 24
14 26
14 28
14 33
14 36
14 37
14 38
14 39
14 40
14 41
14 42
14 43
14 44
14 45
14 46
14 48
14 50
14 51
14 52
14 53
14 54
14 55
14 56
14 57
14 58
14 59
14 60
14 63
14 64
14 67
14 68
14 69
15 2
15 3
15 13
15 16
15 17
15 18
15 19
15 20
15 21
15 22
15 23
15 24
15 26
15 28
15 32
15 33
15 36
15 37
15 38
15 39
15 40
15 41
15 42
15 44
15 45
15 46
15 47
15 50
15 51
15 52
15 53
15 54
15 55
15 56
15 58
15 59
15 61
15 64
15 67
15 68
15 69
16 36
16 40
16 41
16 45
16 46
16 59
16 67
17 19
17 21
17 26
17 36
17 42
17 46
18 2
18 26
18 36
18 46
19 26
19 36
20 19
20 21
20 26
20 28
20 36
20 42
20 46
21 26
21 36
21 42
22 19
22 26
22 28
22 36
23 36
23 41
23 46
24 2
24 23
24 26
24 36
24 41
24 46
24 67
25 0
25 1
25 2
25 3
25 5
25 7
25 8
25 10
25 11
25 12
25 13
25 17
25 18
25 19
25 20
25 21
25 22
25 23
25 24
25 26
25 28
25 31
25 33
25 35
25 36
25 37
25 38
25 39
25 40
25 41
25 42
25 43
25 44
25 45
25 46
25 48
25 51
25 52
25 53
25 54
25 55
25 56
25 57
25 58
25 59
25 60
25 63
25 64
25 67
25 68
25 69
27 2
27 3
27 4
27 16
27 17
27 18
27 19
27 20
27 21
27 23
27 24
27 26
27 28
27 29
27 32
27 33
27 36
27 37
27 38
27 40
27 41
27 42
27 44
27 45
27 46
27 47
27 49
27 50
27 53
27 54
27 55
27 58
27 59
27 61
27 64
27 67
27 68
27 69
28 26
29 36
29 41
29 45
29 46
29 59
29 67
30 0
30 1
30 2
30 3
30 5
30 7
30 8
30 10
30 11
30 12
30 13
30 17
30 18
30 19
30 20
30 21
30 22
30 23
30 24
30 26
30 28
30 31
30 33
30 35
30 36
30 37
30 38
30 39
30 40
30 41
30 42
30 43
30 44
30 45
30 46
30 48
30 51
30 52
30 53
30 54
30 55
30 56
30 57
30 58
30 59
30 60
30 63
30 64
30 66
30 67
30 68
30 69
31 2
31 3
31 17
31 19
31 20
31 21
31 22
31 26
31 28
31 36
31 42
31 43
31 46
31 55
31 57
31 58
31 60
32 36
32 40
32 41
32 45
32 46
32 59
32 67
33 2
33 18
33 23
33 26
33 36
33 41
33 46
33 68
34 1
34 2
34 3
34 6
34 8
34 10
34 13
34 15
34 16
34 17
34 18
34 19
34 20
34 21
34 22
34 23
34 24
34 26
34 28
34 32
34 33
34 36
34 37
34 38
34 39
34 40
34 41
34 42
34 43
34 44
34 45
34 46
34 47
34 48
34 50
34 51
34 52
34 53
34 54
34 55
34 56
34 57
34 58
34 59
34 60
34 61
34 63
34 64
34 67
34 68
34 69
35 1
35 2
35 3
35 5
35 7
35 10
35 11
35 17
35 18
35 19
35 20
35 21
35 22
35 23
35 26
35 28
35 31
35 33
35 36
35 38
35 39
35 41
35 42
35 43
35 46
35 51
35 55
35 56
35 57
35 58
35 60
35 63
35 64
35 68
35 69
37 36
37 41
37 45
37 46
37 59
37 67
38 2
38 3
38 17
38 18
38 19
38 21
38 26
38 28
38 36
38 41
38 42
38 46
38 55
38 58
38 64
38 68
39 2
39 3
39 17
39 18
39 19
39 20
39 21
39 22
39 26
39 28
39 36
39 41
39 42
39 46
39 55
39 58
39 64
39 68
40 36
40 41
40 45
40 46
40 59
40 67
41 36
41 46
42 26
42 36
43 2
43 3
43 17
43 19
43 20
43 21
43 22
43 26
43 28
43 36
43 42
43 46
43 57
43 58
44 2
44 18
44 21
44 23
44 24
44 26
44 33
44 36
44 37
44 40
44 41
44 42
44 45
44 46
44 54
44 59
44 67
44 68
45 46
45 67
47 16
47 23
47 26
47 32
47 36
47 37
47 40
47 41
47 45
47 46
47 54
47 59
47 61
47 67
48 2
48 3
48 10
48 13
48 17
48 18
48 19
48 20
48 21
48 22
48 23
48 24
48 26
48 28
48 33
48 36
48 38
48 39
48 41
48 42
48 46
48 51
48 55
48 56
48 57
48 58
48 60
48 64
48 67
48 68
48 69
49 16
49 32
49 36
49 40
49 41
49 45
49 46
49 59
49 61
49 67
50 2
50 18
50 23
50 24
50 26
50 33
50 36
50 37
50 40
50 41
50 45
50 46
50 54
50 59
50 67
50 68
51 2
51 3
51 17
51 19
51 20
51 21
51 22
51 26
51 28
51 36
51 42
51 46
51 55
51 58
51 64
52 2
52 3
52 13
52 17
52 18
52 19
52 20
52 21
52 22
52 23
52 24
52 26
52 28
52 33
52 36
52 38
52 39
52 41
52 42
52 46
52 51
52 55
52 58
52 64
52 67
52 68
52 69
53 2
53 17
53 18
53 19
53 21
53 23
53 24
53 26
53 33
53 36
53 41
53 42
53 45
53 46
53 55
53 59
53 67
53 68
53 69
54 23
54 36
54 37
54 41
54 45
54 46
54 59
54 67
55 2
55 21
55 26
55 36
55 42
55 46
56 2
56 3
56 17
56 18
56 19
56 20
56 21
56 22
56 23
56 26
56 28
56 36
56 38
56 39
56 41
56 42
56 46
56 51
56 55
56 58
56 64
56 68
56 69
57 19
57 21
57 22
57 26
57 28
57 36
57 42
58 2
58 17
58 19
58 21
58 26
58 36
58 42
58 46
59 36
59 46
59 67
60 2
60 3
60 17
60 19
60 20
60 21
60 22
60 26
60 28
60 36
60 42
60 46
60 55
60 58
61 16
61 32
61 36
61 40
61 41
61 45
61 46
61 59
61 67
62 0
62 1
62 2
62 3
62 5
62 7
62 8
62 10
62 11
62 12
62 13
62 17
62 18
62 19
62 20
62 21
62 22
62 23
62 24
62 26
62 28
62 31
62 33
62 35
62 36
62 37
62 38
62 39
62 40
62 41
62 42
62 43
62 44
62 45
62 46
62 48
62 51
62 52
62 53
62 54
62 55
62 56
62 57
62 58
62 59
62 60
62 63
62 64
62 66
62 67
62 68
62 69
63 1
63 2
63 3
63 10
63 17
63 18
63 19
63 20
63 21
63 22
63 26
63 28
63 36
63 38
63 39
63 41
63 42
63 43
63 46
63 51
63 55
63 57
63 58
63 60
63 64
63 68
64 2
64 3
64 17
64 19
64 21
64 26
64 28
64 36
64 42
64 46
64 55
64 58
65 1
65 2
65 3
65 6
65 8
65 9
65 10
65 11
65 12
65 13
65 14
65 15
65 16
65 17
65 18
65 19
65 20
65 21
65 22
65 23
65 24
65 26
65 28
65 32
65 33
65 36
65 37
65 38
65 39
65 40
65 41
65 42
65 43
65 44
65 45
65 46
65 47
65 48
65 50
65 51
65 52
65 53
65 54
65 55
65 56
65 57
65 58
65 59
65 60
65 61
65 63
65 64
65 67
65 68
65 69
66 26
66 28
67 46
68 2
68 26
68 36
68 46
69 2
69 18
69 19
69 21
69 23
69 26
69 36
69 41
69 42
69 46
69 55
69 68
