40 113
1 3
1 5
1 8
1 9
1 12
1 18
2 3
2 5
2 9
4 3
4 5
4 9
4 12
4 18
5 9
6 2
6 3
6 5
6 9
6 12
6 18
7 1
7 2
7 3
7 4
7 5
7 8
7 9
7 12
7 13
7 18
10 3
10 8
11 3
11 8
11 9
11 10
11 13
11 18
12 3
12 9
12 18
13 3
13 8
13 9
14 2
14 3
14 5
14 9
15 1
15 2
15 3
15 4
15 5
15 8
15 9
15 10
15 11
15 12
15 13
15 17
15 18
15 20
16 1
16 2
16 3
16 4
16 5
16 7
16 8
16 9
16 10
16 11
16 12
16 13
16 15
16 17
16 18
16 20
17 1
17 3
17 5
17 8
17 9
17 12
17 13
17 18
18 3
18 9
19 1
19 3
19 4
19 5
19 8
19 9
19 10
19 11
19 12
19 13
19 17
19 18
19 20
20 1
20 3
20 4
20 5
20 8
20 9
20 10
20 12
20 13
20 17
20 18
