55 693
1 2
1 4
1 6
1 9
1 14
1 16
1 17
1 18
1 22
1 23
1 24
1 27
1 29
1 30
1 34
1 35
1 38
1 41
1 46
1 50
1 51
1 52
2 6
2 17
2 23
2 24
2 34
2 41
2 50
3 2
3 6
3 7
3 10
3 15
3 16
3 17
3 23
3 24
3 25
3 26
3 28
3 29
3 31
3 32
3 34
3 37
3 40
3 41
3 44
3 50
3 52
3 55
4 2
4 6
4 16
4 17
4 23
4 24
4 29
4 34
4 35
4 41
4 50
4 52
5 2
5 4
5 6
5 10
5 16
5 17
5 23
5 24
5 26
5 28
5 29
5 31
5 32
5 34
5 35
5 37
5 40
5 41
5 44
5 50
5 52
5 54
6 34
7 2
7 6
7 10
7 17
7 23
7 24
7 26
7 28
7 29
7 31
7 32
7 34
7 37
7 40
7 41
7 44
7 50
8 2
8 6
8 7
8 10
8 15
8 17
8 21
8 23
8 24
8 25
8 26
8 28
8 29
8 31
8 32
8 34
8 37
8 40
8 41
8 44
8 50
8 55
9 6
9 34
9 38
9 50
10 23
10 24
10 29
10 31
11 1
11 2
11 4
11 6
11 9
11 10
11 14
11 16
11 17
11 18
11 22
11 23
11 24
11 26
11 27
11 28
11 29
11 30
11 31
11 32
11 34
11 35
11 37
11 38
11 39
11 40
11 41
11 42
11 44
11 46
11 48
11 50
11 51
11 52
11 54
12 2
12 4
12 5
12 6
12 7
12 10
12 16
12 17
12 18
12 23
12 24
12 25
12 26
12 28
12 29
12 31
12 32
12 34
12 35
12 37
12 38
12 40
12 41
12 44
12 50
12 52
12 54
12 55
13 34
13 38
14 2
14 6
14 16
14 17
14 18
14 23
14 24
14 34
14 35
14 38
14 41
14 50
14 52
15 10
15 23
15 24
15 25
15 29
15 31
15 34
15 40
15 55
16 2
16 6
16 17
16 23
16 24
16 34
16 41
16 50
16 52
17 6
17 34
17 41
17 50
18 6
18 34
18 50
19 6
19 10
19 15
19 21
19 23
19 24
19 25
19 29
19 31
19 34
19 37
19 40
19 55
20 2
20 3
20 4
20 5
20 6
20 7
20 8
20 10
20 15
20 16
20 17
20 19
20 21
20 23
20 24
20 25
20 26
20 28
20 29
20 31
20 32
20 34
20 35
20 37
20 40
20 41
20 44
20 49
20 50
20 52
20 54
20 55
22 6
22 18
22 34
22 38
22 50
22 52
25 10
25 23
25 24
25 29
25 31
25 34
25 40
25 55
26 6
26 10
26 23
26 24
26 29
26 31
26 34
26 40
26 41
26 50
27 6
27 18
27 34
27 38
27 50
28 2
28 6
28 10
28 17
28 23
28 24
28 26
28 29
28 31
28 32
28 34
28 40
28 41
28 44
28 50
30 6
30 17
30 18
30 22
30 23
30 24
30 34
30 35
30 38
30 41
30 50
30 52
31 24
31 29
32 6
32 10
32 23
32 24
32 26
32 29
32 31
32 34
32 40
32 41
32 50
33 2
33 4
33 5
33 6
33 10
33 14
33 16
33 17
33 18
33 22
33 23
33 24
33 26
33 28
33 29
33 30
33 31
33 32
33 34
33 35
33 37
33 38
33 40
33 41
33 42
33 44
33 46
33 50
33 52
33 54
35 6
35 17
35 23
35 34
35 41
35 50
35 52
36 2
36 3
36 4
36 5
36 6
36 7
36 8
36 10
36 12
36 14
36 15
36 16
36 17
36 18
36 19
36 21
36 22
36 23
36 24
36 25
36 26
36 28
36 29
36 30
36 31
36 32
36 33
36 34
36 35
36 37
36 38
36 40
36 41
36 42
36 44
36 46
36 49
36 50
36 52
36 53
36 54
36 55
37 10
37 23
37 24
37 29
37 31
37 34
37 40
39 2
39 4
39 6
39 14
39 16
39 17
39 18
39 22
39 23
39 24
39 27
39 29
39 30
39 34
39 35
39 38
39 41
39 46
39 50
39 52
40 23
40 24
40 29
41 6
41 34
42 2
42 4
42 6
42 10
42 14
42 16
42 17
42 18
42 22
42 23
42 24
42 29
42 30
42 31
42 34
42 35
42 38
42 40
42 41
42 46
42 50
42 52
43 6
43 9
43 18
43 27
43 34
43 38
43 50
44 6
44 10
44 17
44 23
44 24
44 26
44 29
44 31
44 34
44 40
44 41
44 50
45 1
45 2
45 4
45 5
45 6
45 7
45 9
45 10
45 11
45 14
45 16
45 17
45 18
45 22
45 23
45 24
45 25
45 26
45 27
45 28
45 29
45 30
45 31
45 32
45 33
45 34
45 35
45 37
45 38
45 39
45 40
45 41
45 42
45 43
45 44
45 46
45 48
45 50
45 51
45 52
45 54
45 55
46 2
46 6
46 14
46 16
46 17
46 18
46 22
46 23
46 24
46 29
46 30
46 34
46 35
46 38
46 41
46 50
46 52
47 6
47 9
47 18
47 22
47 27
47 34
47 38
47 43
47 50
47 52
48 2
48 4
48 6
48 10
48 14
48 16
48 17
48 18
48 22
48 23
48 24
48 26
48 27
48 29
48 30
48 31
48 34
48 35
48 38
48 39
48 40
48 41
48 42
48 46
48 50
48 52
49 2
49 4
49 6
49 7
49 10
49 15
49 16
49 17
49 23
49 24
49 25
49 26
49 28
49 29
49 31
49 32
49 34
49 35
49 37
49 40
49 41
49 44
49 50
49 52
49 54
49 55
50 34
51 6
51 17
51 18
51 22
51 23
51 27
51 34
51 38
51 41
51 50
51 52
52 6
52 34
52 50
53 2
53 4
53 5
53 6
53 7
53 10
53 12
53 14
53 15
53 16
53 17
53 18
53 22
53 23
53 24
53 25
53 26
53 28
53 29
53 31
53 32
53 34
53 35
53 37
53 38
53 40
53 41
53 44
53 50
53 52
53 54
53 55
54 2
54 6
54 10
54 16
54 17
54 23
54 24
54 26
54 29
54 31
54 34
54 40
54 41
54 44
54 50
54 52
55 10
55 23
55 24
55 29
55 31
55 40
