35 143
2 3
4 1
4 2
4 3
4 6
4 7
4 8
4 9
4 10
4 11
4 12
4 13
4 15
4 16
4 17
4 18
4 19
4 20
5 1
5 2
5 3
5 6
5 7
5 9
5 12
5 15
5 16
5 17
5 18
5 20
6 2
6 3
6 7
6 12
6 15
6 18
6 20
8 2
8 3
8 6
8 7
8 9
8 12
8 15
8 18
8 20
9 3
9 7
9 15
9 18
9 20
10 3
10 13
11 2
11 3
11 7
11 12
11 15
11 19
11 20
12 2
12 3
12 7
12 15
12 20
14 1
14 2
14 3
14 6
14 7
14 8
14 9
14 10
14 11
14 12
14 13
14 15
14 18
14 19
14 20
15 20
16 1
16 2
16 3
16 7
16 9
16 12
16 15
16 18
16 20
17 1
17 3
17 7
17 15
17 18
17 20
19 3
21 1
21 2
21 3
21 6
21 7
21 8
21 9
21 10
21 11
21 12
21 13
21 15
21 18
21 19
21 20
22 1
22 2
22 3
22 5
22 6
22 7
22 8
22 9
22 11
22 12
22 15
22 16
22 17
22 18
22 19
22 20
23 1
23 2
23 3
23 6
23 7
23 8
23 9
23 10
23 11
23 12
23 13
23 15
23 18
23 19
23 20
