70 1105
1 11
1 12
1 13
1 21
1 24
1 36
1 60
1 64
1 65
1 70
2 8
2 12
2 21
2 24
2 36
2 44
2 46
2 60
2 64
2 65
2 69
2 70
4 6
4 11
4 13
4 17
4 20
4 24
4 30
4 45
4 51
4 60
4 64
5 1
5 6
5 8
5 11
5 12
5 13
5 17
5 20
5 21
5 24
5 29
5 30
5 32
5 33
5 34
5 35
5 36
5 37
5 40
5 42
5 44
5 45
5 46
5 47
5 51
5 52
5 56
5 60
5 61
5 64
5 65
5 66
5 70
6 24
7 3
7 6
7 24
7 41
7 63
9 3
9 6
9 11
9 13
9 17
9 20
9 24
9 30
9 41
9 43
9 45
9 51
9 60
9 63
9 64
9 67
10 1
10 3
10 4
10 5
10 6
10 8
10 11
10 12
10 13
10 17
10 20
10 21
10 24
10 25
10 27
10 28
10 29
10 30
10 32
10 33
10 34
10 35
10 36
10 37
10 38
10 39
10 40
10 41
10 42
10 44
10 45
10 46
10 47
10 50
10 51
10 52
10 54
10 55
10 56
10 58
10 59
10 60
10 61
10 63
10 64
10 65
10 66
10 67
10 68
10 70
11 13
11 24
11 60
12 21
12 60
12 64
12 65
12 70
13 24
13 60
14 3
14 4
14 6
14 7
14 9
14 11
14 13
14 15
14 16
14 17
14 18
14 20
14 21
14 24
14 25
14 26
14 30
14 32
14 34
14 35
14 36
14 41
14 43
14 45
14 48
14 49
14 51
14 54
14 55
14 56
14 60
14 61
14 63
14 64
14 65
14 67
14 70
15 3
15 4
15 6
15 11
15 13
15 17
15 20
15 24
15 25
15 30
15 34
15 35
15 41
15 45
15 51
15 54
15 56
15 60
15 63
15 64
15 67
16 3
16 6
16 18
16 20
16 24
16 41
16 63
17 24
18 3
18 6
18 24
18 41
18 63
19 1
19 3
19 4
19 6
19 11
19 12
19 13
19 15
19 17
19 20
19 21
19 24
19 25
19 27
19 28
19 29
19 30
19 32
19 33
19 34
19 35
19 36
19 38
19 39
19 40
19 41
19 44
19 45
19 46
19 47
19 50
19 51
19 52
19 54
19 55
19 56
19 58
19 59
19 60
19 61
19 63
19 64
19 65
19 66
19 67
19 68
19 70
20 24
21 60
21 64
21 65
21 70
22 1
22 3
22 4
22 6
22 9
22 11
22 12
22 13
22 15
22 17
22 18
22 20
22 21
22 24
22 25
22 26
22 27
22 28
22 29
22 30
22 31
22 32
22 33
22 34
22 35
22 36
22 38
22 39
22 40
22 41
22 43
22 44
22 45
22 46
22 47
22 49
22 50
22 51
22 52
22 54
22 55
22 56
22 59
22 60
22 61
22 63
22 64
22 65
22 66
22 67
22 68
22 70
23 3
23 4
23 6
23 7
23 9
23 11
23 13
23 14
23 15
23 16
23 17
23 18
23 20
23 21
23 24
23 25
23 26
23 30
23 32
23 34
23 35
23 36
23 41
23 43
23 45
23 48
23 49
23 51
23 54
23 55
23 56
23 60
23 61
23 63
23 64
23 65
23 67
23 70
25 4
25 6
25 11
25 13
25 17
25 20
25 24
25 30
25 34
25 35
25 41
25 45
25 51
25 56
25 60
25 64
26 3
26 6
26 20
26 24
26 41
26 63
27 1
27 3
27 4
27 6
27 11
27 12
27 13
27 17
27 20
27 21
27 24
27 25
27 28
27 29
27 30
27 32
27 33
27 34
27 35
27 36
27 38
27 40
27 41
27 44
27 45
27 46
27 47
27 51
27 52
27 54
27 55
27 56
27 59
27 60
27 61
27 63
27 64
27 65
27 68
27 70
28 4
28 6
28 11
28 13
28 17
28 20
28 21
28 24
28 30
28 32
28 33
28 34
28 35
28 36
28 40
28 41
28 45
28 47
28 51
28 55
28 56
28 60
28 61
28 64
28 65
28 70
29 1
29 11
29 12
29 13
29 17
29 21
29 24
29 30
29 33
29 34
29 36
29 40
29 44
29 46
29 51
29 52
29 56
29 60
29 61
29 64
29 65
29 70
30 13
30 17
30 24
30 51
30 60
31 3
31 4
31 6
31 9
31 11
31 13
31 15
31 17
31 20
31 21
31 24
31 25
31 26
31 30
31 32
31 33
31 34
31 35
31 36
31 40
31 41
31 43
31 45
31 47
31 49
31 50
31 51
31 54
31 55
31 56
31 59
31 60
31 61
31 63
31 64
31 65
31 67
31 68
31 70
32 6
32 11
32 13
32 17
32 20
32 24
32 30
32 34
32 35
32 45
32 51
32 56
32 60
32 64
33 11
33 13
33 21
33 24
33 36
33 60
33 64
33 65
33 70
34 11
34 13
34 24
34 51
34 60
34 64
35 11
35 13
35 17
35 20
35 24
35 30
35 34
35 51
35 60
35 64
36 24
36 60
36 64
36 65
36 70
37 1
37 11
37 12
37 13
37 17
37 20
37 21
37 24
37 29
37 30
37 33
37 34
37 35
37 36
37 40
37 44
37 46
37 47
37 51
37 52
37 56
37 60
37 61
37 64
37 65
37 66
37 70
38 4
38 6
38 11
38 13
38 17
38 20
38 21
38 24
38 25
38 30
38 32
38 33
38 34
38 35
38 36
38 40
38 41
38 45
38 47
38 51
38 54
38 55
38 56
38 60
38 61
38 64
38 65
38 68
38 70
39 3
39 4
39 6
39 11
39 13
39 17
39 20
39 21
39 24
39 25
39 30
39 32
39 33
39 34
39 35
39 36
39 38
39 40
39 41
39 45
39 47
39 50
39 51
39 54
39 55
39 56
39 59
39 60
39 61
39 63
39 64
39 65
39 67
39 68
39 70
40 11
40 13
40 17
40 21
40 24
40 33
40 34
40 36
40 51
40 60
40 61
40 64
40 65
40 70
41 24
42 12
42 21
42 24
42 36
42 44
42 46
42 60
42 64
42 65
42 70
43 3
43 6
43 20
43 24
43 41
43 63
44 12
44 21
44 60
44 64
44 65
44 70
45 13
45 17
45 20
45 24
45 51
45 60
46 12
46 21
46 60
46 64
46 65
46 70
47 11
47 13
47 17
47 21
47 24
47 30
47 33
47 34
47 36
47 51
47 56
47 60
47 61
47 64
47 65
47 70
48 3
48 6
48 16
48 18
48 20
48 24
48 26
48 41
48 43
48 63
49 3
49 6
49 17
49 20
49 24
49 41
49 43
49 51
49 63
49 67
50 3
50 4
50 6
50 11
50 13
50 17
50 20
50 21
50 24
50 25
50 30
50 32
50 33
50 34
50 35
50 36
50 41
50 45
50 47
50 51
50 54
50 55
50 56
50 60
50 61
50 63
50 64
50 65
50 70
51 24
52 11
52 13
52 21
52 24
52 36
52 60
52 64
52 65
52 70
53 3
53 4
53 6
53 9
53 11
53 13
53 15
53 16
53 17
53 18
53 20
53 21
53 24
53 25
53 26
53 30
53 31
53 32
53 33
53 34
53 35
53 36
53 38
53 39
53 40
53 41
53 43
53 45
53 47
53 49
53 50
53 51
53 54
53 55
53 56
53 59
53 60
53 61
53 63
53 64
53 65
53 67
53 68
53 70
54 4
54 6
54 11
54 13
54 17
54 20
54 24
54 30
54 34
54 35
54 41
54 45
54 51
54 56
54 60
54 64
55 6
55 11
55 13
55 17
55 20
55 24
55 30
55 34
55 35
55 45
55 51
55 56
55 60
55 64
56 11
56 13
56 17
56 24
56 34
56 51
56 60
56 64
57 1
57 3
57 4
57 6
57 9
57 11
57 12
57 13
57 15
57 17
57 19
57 20
57 21
57 24
57 25
57 27
57 28
57 29
57 30
57 32
57 33
57 34
57 35
57 36
57 37
57 38
57 39
57 40
57 41
57 43
57 44
57 45
57 46
57 47
57 49
57 50
57 51
57 52
57 54
57 55
57 56
57 58
57 59
57 60
57 61
57 63
57 64
57 65
57 66
57 67
57 68
57 70
58 1
58 3
58 4
58 6
58 11
58 12
58 13
58 17
58 20
58 21
58 24
58 25
58 28
58 29
58 30
58 32
58 33
58 34
58 35
58 36
58 38
58 40
58 41
58 44
58 45
58 46
58 47
58 51
58 52
58 54
58 55
58 56
58 60
58 61
58 63
58 64
58 65
58 66
58 68
58 70
59 3
59 4
59 6
59 11
59 13
59 17
59 20
59 21
59 24
59 25
59 30
59 32
59 33
59 34
59 35
59 36
59 40
59 41
59 45
59 47
59 51
59 54
59 55
59 56
59 60
59 61
59 63
59 64
59 65
59 68
59 70
61 11
61 13
61 17
61 24
61 34
61 51
61 60
61 64
61 65
61 70
62 1
62 3
62 4
62 5
62 6
62 8
62 11
62 12
62 13
62 17
62 20
62 21
62 24
62 25
62 27
62 28
62 29
62 30
62 32
62 33
62 34
62 35
62 36
62 37
62 38
62 40
62 41
62 42
62 44
62 45
62 46
62 47
62 50
62 51
62 52
62 54
62 55
62 56
62 58
62 59
62 60
62 61
62 63
62 64
62 65
62 66
62 68
62 69
62 70
64 60
66 1
66 11
66 12
66 13
66 17
66 21
66 24
66 29
66 30
66 33
66 34
66 36
66 40
66 44
66 46
66 51
66 52
66 56
66 60
66 61
66 64
66 65
66 70
67 3
67 6
67 17
67 20
67 24
67 41
67 51
67 63
68 4
68 6
68 11
68 13
68 17
68 20
68 21
68 24
68 25
68 30
68 32
68 33
68 34
68 35
68 36
68 41
68 45
68 47
68 51
68 55
68 56
68 60
68 61
68 64
68 65
68 70
69 8
69 12
69 21
69 44
69 46
69 60
69 64
69 65
69 70
