20 117
1 3
1 6
1 8
1 9
1 11
1 12
1 13
1 15
1 16
1 19
1 20
4 2
4 8
4 9
4 11
4 12
4 13
4 15
4 16
4 19
5 1
5 2
5 3
5 4
5 6
5 8
5 9
5 10
5 11
5 12
5 13
5 15
5 16
5 17
5 18
5 19
5 20
6 3
6 8
6 9
6 11
6 13
6 15
6 16
6 19
7 3
7 9
7 11
7 19
8 9
8 16
8 19
10 2
10 4
10 8
10 9
10 11
10 12
10 13
10 15
10 16
10 19
12 8
12 9
12 16
12 19
13 8
13 9
13 11
13 15
13 16
13 19
14 2
14 8
14 9
14 11
14 12
14 15
14 16
14 19
15 9
15 11
15 19
17 1
17 2
17 3
17 4
17 6
17 8
17 9
17 11
17 12
17 13
17 15
17 16
17 19
17 20
18 2
18 3
18 4
18 8
18 9
18 10
18 11
18 12
18 13
18 15
18 16
18 19
18 20
20 8
20 9
20 11
20 13
20 15
20 16
20 19
