60 660
0 35
1 0
1 15
1 20
1 22
1 23
1 35
1 39
1 40
1 42
1 43
1 46
1 48
1 49
1 53
1 57
2 22
2 43
4 0
4 20
4 35
4 37
4 39
4 46
5 37
5 39
5 46
6 0
6 22
6 35
6 40
6 42
6 43
6 49
6 53
6 57
7 0
7 4
7 5
7 9
7 15
7 16
7 18
7 19
7 20
7 24
7 25
7 27
7 28
7 32
7 33
7 34
7 35
7 37
7 39
7 40
7 42
7 43
7 44
7 46
7 48
7 49
7 50
7 54
7 56
7 57
7 58
8 0
8 2
8 6
8 15
8 22
8 35
8 39
8 40
8 42
8 43
8 46
8 48
8 49
8 53
8 57
9 0
9 4
9 5
9 16
9 20
9 27
9 28
9 35
9 37
9 39
9 46
10 0
10 1
10 2
10 4
10 5
10 6
10 8
10 11
10 13
10 14
10 15
10 16
10 18
10 19
10 20
10 21
10 22
10 23
10 24
10 25
10 27
10 28
10 29
10 30
10 31
10 32
10 34
10 35
10 36
10 37
10 38
10 39
10 40
10 41
10 42
10 43
10 44
10 46
10 47
10 48
10 49
10 50
10 51
10 53
10 56
10 57
10 58
11 22
11 43
12 0
12 4
12 5
12 9
12 16
12 18
12 19
12 20
12 24
12 27
12 28
12 32
12 33
12 34
12 35
12 37
12 39
12 40
12 42
12 43
12 44
12 46
12 48
12 49
12 50
13 2
13 11
13 22
13 43
13 57
14 0
14 1
14 15
14 18
14 19
14 20
14 22
14 23
14 32
14 35
14 39
14 40
14 42
14 43
14 46
14 48
14 49
14 50
14 51
14 53
14 57
14 58
15 0
15 35
15 39
15 40
15 42
15 43
15 46
15 48
15 49
16 0
16 4
16 20
16 28
16 35
16 37
16 39
16 46
18 0
18 20
18 35
18 39
18 40
18 46
18 48
19 0
19 20
19 35
19 39
19 40
19 46
19 48
20 35
20 39
20 46
21 0
21 2
21 6
21 8
21 15
21 22
21 35
21 36
21 39
21 40
21 42
21 43
21 46
21 48
21 49
21 53
21 57
23 0
23 15
23 35
23 39
23 40
23 42
23 43
23 46
23 48
23 49
23 53
23 57
24 0
24 19
24 20
24 32
24 35
24 37
24 39
24 40
24 46
24 48
25 0
25 4
25 16
25 18
25 19
25 20
25 24
25 27
25 28
25 32
25 34
25 35
25 37
25 39
25 40
25 42
25 43
25 46
25 48
25 49
25 50
26 0
26 1
26 2
26 6
26 8
26 11
26 13
26 15
26 20
26 21
26 22
26 23
26 29
26 30
26 35
26 36
26 38
26 39
26 40
26 41
26 42
26 43
26 46
26 47
26 48
26 49
26 53
26 57
27 0
27 20
27 28
27 35
27 37
27 39
27 46
28 20
28 35
28 37
28 39
28 46
29 2
29 11
29 13
29 22
29 43
29 57
30 0
30 2
30 11
30 22
30 35
30 36
30 40
30 43
30 47
30 57
31 0
31 1
31 2
31 4
31 5
31 6
31 8
31 11
31 13
31 14
31 15
31 16
31 18
31 19
31 20
31 21
31 22
31 23
31 24
31 25
31 27
31 28
31 30
31 32
31 34
31 35
31 36
31 37
31 38
31 39
31 40
31 42
31 43
31 44
31 46
31 47
31 48
31 49
31 50
31 51
31 53
31 56
31 57
31 58
32 0
32 20
32 35
32 39
32 40
32 46
32 48
33 37
34 0
34 4
34 16
34 18
34 19
34 20
34 24
34 28
34 32
34 35
34 37
34 39
34 40
34 43
34 46
34 48
34 49
34 50
36 0
36 2
36 22
36 35
36 43
36 57
38 0
38 15
38 22
38 23
38 35
38 39
38 40
38 42
38 43
38 46
38 48
38 49
38 53
38 57
39 46
40 0
40 35
41 0
41 2
41 6
41 8
41 11
41 13
41 15
41 21
41 22
41 29
41 30
41 35
41 36
41 39
41 40
41 42
41 43
41 46
41 47
41 48
41 49
41 53
41 57
42 0
42 35
42 40
42 43
44 0
44 4
44 16
44 20
44 27
44 28
44 35
44 37
44 39
44 46
44 48
45 0
45 4
45 5
45 9
45 16
45 18
45 19
45 20
45 24
45 27
45 28
45 32
45 33
45 34
45 35
45 37
45 39
45 40
45 42
45 43
45 44
45 46
45 48
45 49
45 50
47 0
47 2
47 22
47 35
47 43
47 57
48 0
48 35
49 0
49 35
49 40
50 0
50 18
50 19
50 20
50 32
50 35
50 39
50 40
50 46
50 48
51 0
51 15
51 18
51 19
51 20
51 22
51 23
51 32
51 35
51 39
51 40
51 42
51 43
51 46
51 48
51 49
51 50
51 53
51 57
51 58
52 0
52 4
52 5
52 9
52 16
52 20
52 27
52 28
52 33
52 35
52 37
52 39
52 44
52 46
52 48
53 0
53 35
53 40
53 42
53 43
53 49
53 57
54 0
54 4
54 5
54 16
54 18
54 19
54 20
54 24
54 27
54 28
54 32
54 34
54 35
54 37
54 39
54 40
54 42
54 43
54 44
54 46
54 48
54 49
54 50
55 0
55 4
55 5
55 9
55 16
55 19
55 20
55 24
55 27
55 28
55 32
55 33
55 35
55 37
55 39
55 40
55 44
55 46
55 48
55 52
56 0
56 15
56 18
56 19
56 20
56 32
56 35
56 39
56 40
56 42
56 43
56 46
56 48
56 49
56 50
56 58
57 43
58 0
58 15
58 18
58 20
58 35
58 39
58 40
58 42
58 43
58 46
58 48
58 49
59 0
59 4
59 5
59 9
59 16
59 18
59 19
59 20
59 24
59 27
59 28
59 32
59 33
59 34
59 35
59 37
59 39
59 40
59 42
59 43
59 44
59 46
59 48
59 49
59 50
