80 1759
0 4
0 9
0 10
0 13
0 15
0 19
0 20
0 24
0 25
0 28
0 29
0 33
0 34
0 35
0 36
0 37
0 40
0 42
0 44
0 46
0 51
0 60
0 61
0 64
0 68
0 70
0 72
0 79
1 0
1 2
1 3
1 4
1 5
1 6
1 7
1 8
1 9
1 10
1 11
1 13
1 14
1 15
1 16
1 18
1 19
1 20
1 23
1 24
1 25
1 26
1 27
1 28
1 29
1 31
1 32
1 33
1 34
1 35
1 36
1 37
1 38
1 39
1 40
1 42
1 43
1 44
1 45
1 46
1 47
1 49
1 50
1 51
1 52
1 53
1 54
1 55
1 58
1 59
1 60
1 61
1 62
1 64
1 65
1 66
1 67
1 68
1 69
1 70
1 71
1 72
1 73
1 74
1 75
1 76
1 77
1 79
2 6
2 11
2 14
2 15
2 16
2 20
2 24
2 25
2 27
2 28
2 29
2 36
2 40
2 42
2 43
2 44
2 46
2 49
2 59
2 60
2 67
2 68
2 70
2 71
2 72
2 73
2 79
3 7
3 9
3 10
3 15
3 20
3 24
3 25
3 27
3 28
3 29
3 33
3 34
3 36
3 37
3 38
3 40
3 42
3 44
3 46
3 50
3 51
3 54
3 59
3 60
3 61
3 64
3 68
3 70
3 71
3 72
3 73
3 79
4 9
4 15
4 19
4 20
4 24
4 33
4 34
4 36
4 40
4 44
4 51
4 60
4 68
4 70
4 79
5 11
5 14
5 15
5 20
5 24
5 25
5 28
5 29
5 36
5 40
5 43
5 44
5 46
5 59
5 60
5 67
5 68
5 71
5 72
5 73
5 79
6 11
6 15
6 20
6 24
6 25
6 28
6 29
6 36
6 40
6 43
6 44
6 46
6 59
6 60
6 67
6 68
6 70
6 71
6 72
6 73
6 79
7 9
7 15
7 20
7 24
7 25
7 27
7 28
7 29
7 33
7 34
7 36
7 38
7 40
7 42
7 44
7 46
7 60
7 68
7 70
7 71
7 72
7 73
7 79
8 0
8 2
8 3
8 4
8 6
8 7
8 9
8 10
8 11
8 13
8 14
8 15
8 16
8 18
8 19
8 20
8 24
8 25
8 27
8 28
8 29
8 32
8 33
8 34
8 35
8 36
8 37
8 38
8 40
8 42
8 43
8 44
8 46
8 49
8 50
8 51
8 53
8 54
8 59
8 60
8 61
8 64
8 67
8 68
8 69
8 70
8 71
8 72
8 73
8 74
8 75
8 79
9 68
10 9
10 15
10 20
10 24
10 28
10 33
10 34
10 36
10 40
10 42
10 44
10 60
10 68
10 70
10 79
11 15
11 24
11 29
11 36
11 44
11 60
11 67
11 68
11 72
11 73
12 0
12 2
12 3
12 4
12 5
12 6
12 7
12 8
12 9
12 10
12 11
12 13
12 14
12 15
12 16
12 17
12 18
12 19
12 20
12 22
12 23
12 24
12 25
12 26
12 27
12 28
12 29
12 31
12 32
12 33
12 34
12 35
12 36
12 37
12 38
12 39
12 40
12 41
12 42
12 43
12 44
12 45
12 46
12 47
12 48
12 49
12 50
12 51
12 52
12 53
12 54
12 55
12 56
12 57
12 58
12 59
12 60
12 61
12 62
12 63
12 64
12 65
12 66
12 67
12 68
12 69
12 70
12 71
12 72
12 73
12 74
12 75
12 77
12 79
13 9
13 15
13 19
13 20
13 24
13 28
13 33
13 34
13 36
13 40
13 42
13 44
13 51
13 60
13 61
13 68
13 70
13 79
14 11
14 15
14 20
14 24
14 29
14 36
14 44
14 60
14 67
14 68
14 72
14 73
15 36
16 15
16 20
16 24
16 25
16 27
16 28
16 29
16 36
16 40
16 42
16 43
16 44
16 46
16 59
16 60
16 67
16 68
16 70
16 71
16 72
16 73
16 79
17 0
17 3
17 4
17 6
17 7
17 9
17 10
17 11
17 13
17 14
17 15
17 16
17 18
17 19
17 20
17 24
17 25
17 26
17 27
17 28
17 29
17 31
17 33
17 34
17 35
17 36
17 37
17 38
17 39
17 40
17 42
17 43
17 44
17 45
17 46
17 47
17 50
17 51
17 52
17 54
17 55
17 58
17 59
17 60
17 61
17 62
17 64
17 65
17 66
17 67
17 68
17 70
17 71
17 72
17 73
17 74
17 75
17 77
17 79
18 7
18 9
18 10
18 15
18 20
18 24
18 25
18 27
18 28
18 29
18 33
18 34
18 36
18 38
18 40
18 42
18 44
18 46
18 51
18 54
18 59
18 60
18 64
18 67
18 68
18 70
18 71
18 72
18 73
18 74
18 79
19 9
19 68
20 68
21 0
21 2
21 3
21 4
21 5
21 6
21 7
21 8
21 9
21 10
21 11
21 13
21 14
21 15
21 16
21 18
21 19
21 20
21 23
21 24
21 25
21 26
21 27
21 28
21 29
21 32
21 33
21 34
21 35
21 36
21 37
21 38
21 39
21 40
21 42
21 43
21 44
21 45
21 46
21 49
21 50
21 51
21 52
21 53
21 54
21 55
21 58
21 59
21 60
21 61
21 62
21 64
21 65
21 66
21 67
21 68
21 69
21 70
21 71
21 72
21 73
21 74
21 75
21 76
21 77
21 78
21 79
22 4
22 9
22 10
22 13
22 15
22 19
22 20
22 24
22 25
22 28
22 29
22 33
22 34
22 35
22 36
22 37
22 40
22 42
22 44
22 47
22 51
22 60
22 61
22 62
22 64
22 65
22 66
22 68
22 70
22 72
22 79
23 2
23 6
23 7
23 9
23 10
23 11
23 14
23 15
23 16
23 18
23 20
23 24
23 25
23 27
23 28
23 29
23 32
23 33
23 34
23 36
23 38
23 40
23 42
23 43
23 44
23 46
23 49
23 51
23 53
23 54
23 59
23 60
23 64
23 67
23 68
23 70
23 71
23 72
23 73
23 74
23 75
23 79
24 15
24 36
24 68
25 15
25 20
25 24
25 36
25 44
25 60
25 68
26 0
26 4
26 9
26 10
26 13
26 15
26 19
26 20
26 24
26 25
26 27
26 28
26 29
26 33
26 34
26 35
26 36
26 37
26 40
26 42
26 44
26 46
26 51
26 60
26 61
26 62
26 64
26 66
26 68
26 70
26 71
26 72
26 73
26 79
27 15
27 20
27 24
27 25
27 28
27 29
27 36
27 40
27 44
27 46
27 60
27 68
27 70
27 71
27 72
27 73
27 79
28 15
28 20
28 24
28 36
28 44
28 60
28 68
29 15
29 24
29 36
29 44
29 68
30 4
30 9
30 10
30 13
30 15
30 19
30 20
30 22
30 24
30 25
30 28
30 29
30 33
30 34
30 35
30 36
30 37
30 40
30 41
30 42
30 44
30 46
30 47
30 51
30 60
30 61
30 62
30 64
30 65
30 66
30 68
30 70
30 72
30 79
31 0
31 4
31 9
31 10
31 13
31 15
31 19
31 20
31 24
31 25
31 28
31 29
31 33
31 34
31 35
31 36
31 37
31 39
31 40
31 42
31 44
31 46
31 47
31 51
31 52
31 60
31 61
31 62
31 64
31 65
31 66
31 68
31 70
31 71
31 72
31 73
31 79
32 11
32 14
32 15
32 20
32 24
32 25
32 28
32 29
32 36
32 40
32 43
32 44
32 46
32 59
32 60
32 67
32 68
32 70
32 71
32 72
32 73
32 79
33 9
33 15
33 20
33 24
33 36
33 68
33 79
34 9
34 15
34 20
34 24
34 36
34 40
34 44
34 60
34 68
34 70
34 79
35 9
35 10
35 13
35 15
35 19
35 20
35 24
35 28
35 33
35 34
35 36
35 40
35 42
35 44
35 51
35 60
35 61
35 68
35 70
35 79
37 9
37 10
37 15
37 20
37 24
37 28
37 33
37 34
37 36
37 40
37 42
37 44
37 51
37 60
37 68
37 70
37 79
38 9
38 15
38 20
38 24
38 25
38 27
38 28
38 29
38 36
38 40
38 42
38 44
38 46
38 60
38 68
38 70
38 71
38 72
38 73
38 79
39 4
39 9
39 10
39 13
39 15
39 19
39 20
39 24
39 25
39 28
39 29
39 33
39 34
39 35
39 36
39 37
39 40
39 42
39 44
39 46
39 51
39 60
39 61
39 62
39 64
39 65
39 66
39 68
39 70
39 72
39 79
40 15
40 20
40 24
40 36
40 60
40 68
41 9
41 15
41 19
41 20
41 24
41 33
41 36
41 51
41 60
41 62
41 68
41 79
42 15
42 20
42 24
42 28
42 36
42 40
42 44
42 60
42 68
42 70
42 79
43 15
43 20
43 24
43 25
43 28
43 29
43 36
43 44
43 60
43 67
43 68
43 72
43 73
44 15
44 24
44 36
44 68
45 0
45 4
45 9
45 10
45 13
45 15
45 19
45 20
45 24
45 25
45 28
45 29
45 33
45 34
45 35
45 36
45 37
45 40
45 42
45 44
45 46
45 51
45 60
45 61
45 62
45 64
45 65
45 66
45 68
45 70
45 71
45 72
45 73
45 79
46 15
46 20
46 24
46 25
46 28
46 29
46 36
46 40
46 44
46 60
46 68
46 72
47 4
47 9
47 10
47 13
47 15
47 19
47 20
47 24
47 28
47 33
47 34
47 35
47 36
47 37
47 40
47 42
47 44
47 51
47 60
47 61
47 62
47 65
47 66
47 68
47 70
47 79
48 0
48 4
48 9
48 10
48 13
48 15
48 19
48 20
48 22
48 24
48 25
48 28
48 29
48 33
48 34
48 35
48 36
48 37
48 39
48 40
48 41
48 42
48 44
48 46
48 47
48 51
48 52
48 60
48 61
48 62
48 64
48 65
48 66
48 68
48 70
48 71
48 72
48 79
49 6
49 11
49 14
49 15
49 20
49 24
49 25
49 28
49 29
49 36
49 40
49 43
49 44
49 46
49 59
49 60
49 67
49 68
49 70
49 71
49 72
49 73
49 79
50 9
50 10
50 15
50 20
50 24
50 25
50 27
50 28
50 29
50 33
50 34
50 36
50 37
50 38
50 40
50 42
50 44
50 46
50 51
50 60
50 61
50 64
50 68
50 70
50 71
50 72
50 73
50 79
51 9
51 20
51 36
51 68
52 0
52 4
52 9
52 10
52 13
52 15
52 19
52 20
52 24
52 25
52 28
52 29
52 33
52 34
52 35
52 36
52 37
52 39
52 40
52 42
52 44
52 46
52 51
52 60
52 61
52 62
52 64
52 65
52 66
52 68
52 70
52 71
52 72
52 79
53 6
53 11
53 14
53 15
53 20
53 24
53 25
53 27
53 28
53 29
53 36
53 40
53 43
53 44
53 46
53 49
53 59
53 60
53 67
53 68
53 70
53 71
53 72
53 73
53 79
54 9
54 10
54 15
54 20
54 24
54 25
54 27
54 28
54 29
54 33
54 34
54 36
54 38
54 40
54 42
54 44
54 46
54 60
54 68
54 70
54 71
54 72
54 73
54 79
55 0
55 3
55 4
55 7
55 9
55 10
55 13
55 15
55 19
55 20
55 24
55 25
55 27
55 28
55 29
55 33
55 34
55 35
55 36
55 37
55 38
55 40
55 42
55 44
55 46
55 50
55 51
55 54
55 59
55 60
55 61
55 62
55 64
55 67
55 68
55 70
55 71
55 72
55 73
55 74
55 79
56 0
56 3
56 4
56 7
56 9
56 10
56 13
56 15
56 19
56 20
56 22
56 24
56 25
56 26
56 27
56 28
56 29
56 31
56 33
56 34
56 35
56 36
56 37
56 38
56 39
56 40
56 41
56 42
56 44
56 45
56 46
56 47
56 48
56 50
56 51
56 52
56 54
56 57
56 59
56 60
56 61
56 62
56 64
56 65
56 66
56 68
56 70
56 71
56 72
56 73
56 79
57 0
57 4
57 9
57 10
57 13
57 15
57 19
57 20
57 22
57 24
57 25
57 28
57 29
57 31
57 33
57 34
57 35
57 36
57 37
57 39
57 40
57 41
57 42
57 44
57 46
57 47
57 48
57 51
57 52
57 60
57 61
57 62
57 64
57 65
57 66
57 68
57 70
57 71
57 72
57 73
57 79
58 0
58 3
58 4
58 7
58 9
58 10
58 13
58 15
58 16
58 18
58 19
58 20
58 24
58 25
58 26
58 27
58 28
58 29
58 33
58 34
58 35
58 36
58 37
58 38
58 40
58 42
58 43
58 44
58 45
58 46
58 50
58 51
58 54
58 55
58 59
58 60
58 61
58 62
58 64
58 65
58 66
58 67
58 68
58 70
58 71
58 72
58 73
58 74
58 77
58 79
59 15
59 20
59 24
59 25
59 28
59 29
59 36
59 40
59 44
59 46
59 60
59 68
59 71
59 72
59 73
60 15
60 24
60 36
60 68
61 9
61 15
61 20
61 24
61 28
61 33
61 34
61 36
61 40
61 44
61 51
61 60
61 68
61 70
61 79
62 68
63 0
63 3
63 4
63 6
63 7
63 9
63 10
63 11
63 13
63 15
63 16
63 18
63 19
63 20
63 22
63 24
63 25
63 26
63 27
63 28
63 29
63 31
63 33
63 34
63 35
63 36
63 37
63 38
63 39
63 40
63 41
63 42
63 43
63 44
63 45
63 46
63 47
63 48
63 50
63 51
63 52
63 54
63 55
63 56
63 57
63 58
63 59
63 60
63 61
63 62
63 64
63 65
63 66
63 67
63 68
63 70
63 71
63 72
63 73
63 74
63 75
63 77
63 79
64 9
64 10
64 15
64 20
64 24
64 25
64 28
64 29
64 33
64 34
64 36
64 40
64 42
64 44
64 51
64 60
64 68
64 70
64 72
64 79
65 9
65 15
65 19
65 20
65 24
65 33
65 36
65 51
65 60
65 62
65 68
65 70
65 79
66 4
66 9
66 10
66 13
66 15
66 19
66 20
66 24
66 28
66 33
66 34
66 35
66 36
66 37
66 40
66 42
66 44
66 51
66 60
66 61
66 62
66 68
66 70
66 79
67 15
67 36
67 68
67 72
67 73
69 6
69 7
69 9
69 10
69 11
69 14
69 15
69 16
69 18
69 20
69 24
69 25
69 27
69 28
69 29
69 33
69 34
69 36
69 37
69 38
69 40
69 42
69 43
69 44
69 46
69 49
69 51
69 54
69 59
69 60
69 64
69 67
69 68
69 70
69 71
69 72
69 73
69 74
69 75
69 79
70 15
70 20
70 24
70 36
70 60
70 68
70 79
71 15
71 20
71 24
71 25
71 28
71 29
71 36
71 40
71 44
71 60
71 68
71 72
72 36
73 36
74 9
74 15
74 20
74 24
74 25
74 27
74 28
74 29
74 36
74 38
74 40
74 42
74 44
74 46
74 59
74 60
74 67
74 68
74 70
74 71
74 72
74 73
74 79
75 7
75 9
75 10
75 15
75 16
75 18
75 20
75 24
75 25
75 27
75 28
75 29
75 33
75 34
75 36
75 38
75 40
75 42
75 43
75 44
75 46
75 51
75 54
75 59
75 60
75 64
75 67
75 68
75 70
75 71
75 72
75 73
75 74
75 79
76 15
76 24
76 29
76 36
76 44
76 67
76 68
76 72
76 73
77 0
77 3
77 4
77 7
77 9
77 10
77 13
77 15
77 19
77 20
77 24
77 25
77 27
77 28
77 29
77 33
77 34
77 35
77 36
77 37
77 38
77 40
77 42
77 44
77 46
77 50
77 51
77 54
77 59
77 60
77 61
77 62
77 64
77 67
77 68
77 70
77 71
77 72
77 73
77 74
77 79
78 15
78 36
78 72
78 73
79 15
79 20
79 24
79 36
79 68
