35 121
1 4
1 7
1 10
1 13
1 23
2 4
2 5
2 8
2 9
2 10
2 11
2 12
2 13
2 14
2 15
2 17
2 18
2 19
2 20
2 22
2 23
3 4
3 5
3 9
3 11
3 13
3 23
5 4
5 11
5 23
6 3
6 4
6 5
6 8
6 9
6 11
6 13
6 14
6 17
6 18
6 19
6 23
7 13
8 4
8 13
8 18
8 23
9 4
9 11
9 23
10 4
10 13
10 23
11 4
11 23
12 4
12 8
12 10
12 11
12 13
12 14
12 15
12 18
12 23
14 4
14 13
14 18
14 23
15 4
15 8
15 10
15 11
15 13
15 14
15 18
15 23
16 1
16 4
16 7
16 10
16 13
16 14
16 18
16 21
16 23
17 4
17 5
17 9
17 11
17 13
17 18
17 23
18 4
18 13
18 23
19 4
19 11
19 13
19 18
19 23
20 4
20 8
20 10
20 11
20 13
20 14
20 18
20 23
21 4
21 7
21 10
21 13
21 23
22 4
22 8
22 10
22 11
22 13
22 14
22 18
22 23
