40 187
1 6
1 11
2 1
2 3
2 5
2 6
2 7
2 8
2 9
2 10
2 11
2 14
2 15
2 17
2 18
2 20
2 21
2 22
2 23
2 24
2 27
3 6
3 11
4 1
4 3
4 5
4 6
4 7
4 8
4 11
4 21
5 21
7 6
7 8
7 11
7 21
8 6
8 11
9 1
9 6
9 10
9 11
9 17
9 22
10 1
10 6
10 11
10 17
10 22
12 1
12 3
12 4
12 5
12 6
12 7
12 8
12 11
12 14
12 21
12 24
13 5
13 6
13 11
13 21
14 1
14 3
14 5
14 6
14 7
14 8
14 11
14 21
14 24
15 1
15 3
15 5
15 6
15 7
15 8
15 9
15 10
15 11
15 14
15 17
15 18
15 20
15 21
15 22
15 24
16 1
16 3
16 4
16 5
16 6
16 7
16 8
16 11
16 14
16 17
16 21
16 22
16 24
17 11
18 1
18 3
18 6
18 7
18 8
18 10
18 11
18 17
18 21
18 22
18 24
19 1
19 3
19 4
19 5
19 6
19 7
19 8
19 11
19 13
19 14
19 21
19 24
20 1
20 3
20 6
20 8
20 10
20 11
20 17
20 21
20 22
20 24
22 1
22 6
22 11
23 1
23 6
23 10
23 11
23 17
23 22
24 1
24 3
24 6
24 11
25 1
25 3
25 4
25 5
25 6
25 7
25 8
25 11
25 14
25 16
25 17
25 21
25 22
25 24
26 1
26 3
26 4
26 5
26 6
26 7
26 8
26 10
26 11
26 12
26 13
26 14
26 16
26 17
26 21
26 22
26 24
26 25
27 1
27 6
27 10
27 11
27 17
27 22
