35 250
1 11
1 20
1 25
1 28
1 32
2 10
2 13
2 18
2 20
2 25
2 26
2 30
2 32
3 12
3 20
3 32
3 34
4 1
4 10
4 11
4 19
4 20
4 24
4 25
4 26
4 28
4 31
4 32
5 2
5 7
5 8
5 9
5 10
5 11
5 13
5 15
5 17
5 18
5 19
5 20
5 22
5 23
5 24
5 25
5 26
5 28
5 30
5 31
5 32
6 20
7 25
8 7
8 10
8 13
8 18
8 20
8 23
8 25
8 26
8 30
8 32
9 10
9 11
9 15
9 18
9 19
9 20
9 24
9 25
9 26
9 28
9 30
9 31
9 32
10 25
10 32
11 20
11 32
12 20
12 32
12 34
13 10
13 18
13 25
13 30
13 32
14 1
14 3
14 6
14 10
14 11
14 12
14 19
14 20
14 21
14 25
14 26
14 28
14 32
14 34
15 10
15 11
15 19
15 20
15 24
15 25
15 26
15 28
15 32
16 1
16 3
16 6
16 10
16 11
16 12
16 19
16 20
16 21
16 25
16 26
16 28
16 32
16 34
17 2
17 7
17 8
17 10
17 11
17 13
17 15
17 18
17 19
17 20
17 22
17 23
17 24
17 25
17 26
17 28
17 30
17 32
18 25
19 10
19 11
19 20
19 25
19 26
19 28
19 32
21 11
21 20
21 28
21 32
22 2
22 7
22 10
22 11
22 13
22 18
22 19
22 20
22 24
22 25
22 26
22 28
22 30
22 32
23 7
23 18
23 25
23 32
24 10
24 11
24 19
24 20
24 25
24 26
24 28
24 32
26 10
26 20
26 25
26 32
27 7
27 10
27 18
27 23
27 25
27 30
27 32
27 35
28 11
28 20
28 32
29 7
29 10
29 13
29 18
29 20
29 23
29 25
29 26
29 30
29 32
29 35
30 18
30 25
30 32
31 10
31 11
31 19
31 20
31 25
31 26
31 28
31 32
33 1
33 2
33 3
33 4
33 6
33 9
33 10
33 11
33 12
33 13
33 14
33 15
33 16
33 18
33 19
33 20
33 21
33 24
33 25
33 26
33 28
33 30
33 31
33 32
33 34
34 20
34 32
35 7
35 10
35 18
35 23
35 25
35 30
35 32
