40 117
2 1
2 3
2 4
2 5
2 8
2 9
2 10
2 11
2 12
2 13
2 14
2 15
2 16
2 17
2 19
2 20
3 1
3 4
3 5
3 8
3 9
3 10
3 12
3 14
3 15
3 16
3 17
3 19
4 1
4 5
4 8
6 1
6 4
6 5
6 8
6 14
6 16
6 17
6 20
7 1
7 3
7 4
7 5
7 6
7 8
7 9
7 10
7 11
7 12
7 13
7 14
7 15
7 16
7 17
7 18
7 19
7 20
8 1
9 1
9 17
10 1
10 4
10 5
10 8
10 9
10 12
10 17
11 1
11 4
11 5
11 8
11 9
11 12
11 13
11 15
11 17
12 1
12 4
12 5
12 8
12 9
12 17
13 1
13 4
13 5
13 8
13 9
13 12
13 15
13 17
14 1
14 4
14 5
14 8
15 1
15 5
15 8
15 9
15 17
16 1
16 5
16 8
18 1
18 4
18 5
18 8
18 16
18 20
19 1
19 4
19 5
19 8
19 9
19 10
19 12
19 15
19 17
