40 386
0 2
0 3
0 5
0 6
0 7
0 9
0 10
0 11
0 13
0 14
0 18
0 24
0 26
0 29
0 30
0 32
0 35
0 36
0 37
0 38
0 39
1 2
1 6
1 7
1 16
1 21
1 29
1 33
2 6
2 29
3 6
3 24
3 26
3 29
3 36
4 11
4 13
4 18
4 26
4 29
4 34
4 36
4 39
5 2
5 6
5 7
5 24
5 26
5 29
5 35
7 6
7 29
8 13
8 18
8 26
8 29
8 34
8 36
8 39
9 6
9 13
9 18
9 26
9 29
9 36
9 39
10 2
10 6
10 7
10 24
10 26
10 29
10 35
11 13
11 18
11 26
11 29
11 36
11 39
12 2
12 3
12 5
12 6
12 7
12 10
12 14
12 21
12 24
12 26
12 29
12 30
12 33
12 35
12 36
12 37
12 38
12 39
13 18
13 26
14 2
14 6
14 7
14 24
14 26
14 29
14 35
14 36
15 0
15 2
15 3
15 5
15 6
15 7
15 9
15 10
15 11
15 13
15 14
15 18
15 24
15 26
15 29
15 30
15 32
15 35
15 36
15 37
15 38
15 39
16 6
16 21
16 29
16 33
17 2
17 3
17 4
17 6
17 7
17 9
17 11
17 13
17 18
17 24
17 26
17 28
17 29
17 30
17 32
17 34
17 36
17 37
17 38
17 39
18 26
19 0
19 1
19 2
19 3
19 4
19 5
19 6
19 7
19 8
19 9
19 10
19 11
19 12
19 13
19 14
19 15
19 16
19 17
19 18
19 20
19 21
19 22
19 23
19 24
19 26
19 27
19 28
19 29
19 30
19 32
19 33
19 34
19 35
19 36
19 37
19 38
19 39
20 2
20 3
20 5
20 6
20 7
20 9
20 10
20 11
20 13
20 14
20 18
20 21
20 23
20 24
20 26
20 29
20 30
20 32
20 33
20 35
20 36
20 37
20 38
20 39
21 6
22 4
22 6
22 8
22 11
22 13
22 18
22 26
22 28
22 29
22 34
22 36
22 39
23 2
23 3
23 5
23 6
23 7
23 9
23 10
23 11
23 13
23 14
23 18
23 24
23 26
23 29
23 30
23 35
23 36
23 37
23 38
23 39
24 6
24 26
24 29
25 1
25 2
25 3
25 5
25 6
25 7
25 10
25 12
25 13
25 14
25 16
25 18
25 21
25 24
25 26
25 29
25 30
25 33
25 35
25 36
25 37
25 38
25 39
27 2
27 3
27 5
27 6
27 7
27 9
27 10
27 11
27 13
27 14
27 18
27 21
27 23
27 24
27 26
27 29
27 30
27 32
27 33
27 35
27 36
27 37
27 38
27 39
28 11
28 13
28 18
28 26
28 29
28 36
28 39
30 2
30 6
30 7
30 24
30 26
30 29
30 36
31 1
31 2
31 3
31 5
31 6
31 7
31 9
31 10
31 11
31 12
31 13
31 14
31 16
31 18
31 21
31 23
31 24
31 26
31 29
31 30
31 33
31 35
31 36
31 37
31 38
31 39
32 6
32 9
32 11
32 13
32 18
32 26
32 29
32 36
32 39
33 6
33 21
33 29
34 13
34 18
34 26
34 29
34 36
34 39
35 2
35 6
35 7
35 26
35 29
36 26
36 29
37 2
37 3
37 6
37 7
37 24
37 26
37 29
37 30
37 36
37 38
37 39
38 2
38 3
38 6
38 7
38 24
38 26
38 29
38 30
38 36
38 39
39 26
39 29
