40 336
0 1
0 4
0 5
0 8
0 16
0 30
0 31
0 35
0 36
0 37
2 6
2 9
2 23
3 1
3 2
3 4
3 5
3 6
3 7
3 8
3 9
3 10
3 11
3 13
3 15
3 16
3 20
3 23
3 27
3 28
3 29
3 30
3 31
3 35
3 36
3 39
4 1
4 8
4 36
5 1
5 4
5 8
5 36
7 1
7 9
7 23
7 36
8 1
10 1
10 6
10 9
10 13
10 23
10 36
11 1
11 9
11 36
12 1
12 4
12 5
12 8
12 16
12 17
12 18
12 21
12 31
12 34
12 35
12 36
12 37
12 38
13 6
13 9
13 23
14 1
14 4
14 5
14 8
14 16
14 30
14 31
14 35
14 36
15 1
15 9
15 30
15 36
16 1
16 4
16 5
16 8
16 31
16 35
16 36
17 1
17 8
17 21
17 34
17 36
17 37
18 1
18 4
18 5
18 8
18 21
18 31
18 34
18 35
18 36
18 37
18 38
19 0
19 1
19 4
19 5
19 8
19 14
19 16
19 17
19 18
19 21
19 30
19 31
19 34
19 35
19 36
19 37
19 38
20 1
20 2
20 4
20 5
20 6
20 7
20 8
20 9
20 10
20 11
20 13
20 15
20 16
20 23
20 27
20 28
20 29
20 30
20 31
20 35
20 36
20 39
22 0
22 1
22 4
22 5
22 8
22 9
22 11
22 14
22 15
22 16
22 17
22 18
22 19
22 21
22 25
22 28
22 30
22 31
22 33
22 34
22 35
22 36
22 37
22 38
22 39
24 0
24 1
24 2
24 4
24 5
24 6
24 7
24 8
24 9
24 10
24 11
24 13
24 14
24 15
24 16
24 20
24 23
24 25
24 27
24 28
24 29
24 30
24 31
24 35
24 36
24 37
24 38
24 39
25 1
25 4
25 5
25 8
25 9
25 14
25 15
25 16
25 28
25 30
25 31
25 35
25 36
25 39
26 6
26 23
27 1
27 2
27 4
27 5
27 6
27 7
27 8
27 9
27 10
27 11
27 13
27 15
27 23
27 28
27 29
27 30
27 31
27 35
27 36
27 39
28 1
28 4
28 5
28 8
28 9
28 30
28 35
28 36
29 1
29 4
29 5
29 6
29 7
29 8
29 9
29 10
29 11
29 13
29 15
29 23
29 30
29 35
29 36
29 39
30 1
30 36
31 1
31 4
31 5
31 8
31 36
32 0
32 1
32 4
32 5
32 6
32 7
32 8
32 9
32 11
32 14
32 15
32 16
32 21
32 23
32 25
32 28
32 30
32 31
32 35
32 36
32 37
32 38
32 39
33 0
33 1
33 4
33 5
33 8
33 9
33 14
33 15
33 16
33 17
33 18
33 21
33 25
33 28
33 30
33 31
33 34
33 35
33 36
33 37
33 38
33 39
34 1
34 8
34 21
34 37
35 1
35 4
35 8
35 36
38 1
38 4
38 8
38 36
38 37
39 1
39 4
39 8
39 9
39 15
39 30
39 35
39 36
