35 284
0 2
0 20
0 22
0 23
1 16
1 20
2 20
3 2
3 12
3 20
3 22
3 33
4 0
4 2
4 13
4 17
4 19
4 20
4 22
4 23
4 25
5 0
5 2
5 3
5 4
5 9
5 12
5 13
5 15
5 16
5 17
5 19
5 20
5 22
5 23
5 25
5 27
5 30
5 33
6 9
6 16
6 20
6 23
7 1
7 16
7 20
8 0
8 2
8 9
8 13
8 16
8 19
8 20
8 22
8 23
8 25
9 16
9 20
9 23
10 9
10 16
10 20
10 23
10 26
11 0
11 1
11 2
11 6
11 9
11 10
11 16
11 19
11 20
11 22
11 23
11 25
11 26
12 2
12 20
12 22
13 2
13 20
13 22
14 0
14 1
14 2
14 6
14 7
14 9
14 10
14 11
14 13
14 16
14 18
14 19
14 20
14 22
14 23
14 25
14 26
14 32
15 0
15 2
15 4
15 12
15 13
15 16
15 17
15 19
15 20
15 22
15 23
15 25
17 0
17 2
17 13
17 19
17 20
17 22
17 23
17 25
18 1
18 2
18 6
18 7
18 9
18 10
18 16
18 20
18 22
18 23
18 26
19 0
19 2
19 20
19 22
19 23
21 0
21 1
21 2
21 6
21 7
21 8
21 9
21 10
21 11
21 13
21 16
21 18
21 19
21 20
21 22
21 23
21 25
21 26
21 28
21 29
21 31
22 20
23 20
24 1
24 6
24 7
24 9
24 16
24 20
24 23
24 26
24 32
25 2
25 20
25 22
25 23
26 9
26 16
26 20
26 23
27 0
27 2
27 3
27 4
27 12
27 13
27 15
27 16
27 17
27 19
27 20
27 22
27 23
27 25
27 33
28 0
28 1
28 2
28 6
28 8
28 9
28 10
28 11
28 13
28 16
28 19
28 20
28 22
28 23
28 25
28 26
29 0
29 1
29 2
29 6
29 7
29 8
29 9
29 10
29 11
29 13
29 16
29 19
29 20
29 22
29 23
29 25
29 26
29 28
30 0
30 2
30 4
30 12
30 13
30 15
30 16
30 17
30 19
30 20
30 22
30 23
30 25
30 33
31 0
31 1
31 2
31 6
31 7
31 9
31 10
31 11
31 13
31 16
31 19
31 20
31 22
31 23
31 25
31 26
32 1
32 7
32 9
32 16
32 20
32 23
34 0
34 1
34 2
34 4
34 6
34 7
34 8
34 9
34 10
34 11
34 13
34 16
34 17
34 19
34 20
34 22
34 23
34 25
34 26
34 28
34 29
34 31
