75 1494
0 4
0 5
0 7
0 9
0 12
0 16
0 19
0 20
0 23
0 28
0 29
0 30
0 38
0 41
0 42
0 44
0 49
0 53
0 54
0 56
0 57
0 59
0 61
0 66
0 67
0 69
0 71
0 72
0 73
0 74
1 0
1 2
1 3
1 4
1 5
1 6
1 7
1 9
1 10
1 11
1 12
1 13
1 14
1 15
1 16
1 17
1 19
1 20
1 21
1 22
1 23
1 24
1 25
1 26
1 27
1 28
1 29
1 30
1 31
1 32
1 34
1 35
1 36
1 38
1 39
1 40
1 41
1 42
1 43
1 44
1 45
1 46
1 47
1 48
1 49
1 50
1 51
1 53
1 54
1 55
1 56
1 57
1 59
1 60
1 61
1 64
1 65
1 66
1 67
1 68
1 69
1 70
1 71
1 72
1 73
1 74
2 4
2 5
2 7
2 9
2 11
2 13
2 14
2 19
2 20
2 23
2 26
2 28
2 29
2 30
2 35
2 38
2 43
2 44
2 45
2 48
2 49
2 50
2 53
2 54
2 55
2 56
2 57
2 61
2 65
2 66
2 67
2 69
2 72
2 73
3 4
3 5
3 7
3 9
3 11
3 12
3 13
3 14
3 19
3 20
3 22
3 23
3 28
3 29
3 30
3 35
3 38
3 43
3 44
3 45
3 48
3 49
3 53
3 54
3 55
3 56
3 57
3 61
3 66
3 67
3 69
3 72
3 73
3 74
4 7
4 9
4 30
4 44
4 49
4 57
4 69
4 72
5 7
5 9
5 28
5 49
5 69
5 72
6 2
6 3
6 4
6 5
6 7
6 9
6 11
6 12
6 13
6 14
6 15
6 16
6 19
6 20
6 22
6 23
6 26
6 27
6 28
6 29
6 30
6 32
6 35
6 38
6 39
6 40
6 41
6 42
6 43
6 44
6 45
6 47
6 48
6 49
6 50
6 51
6 53
6 54
6 55
6 56
6 57
6 59
6 60
6 61
6 65
6 66
6 67
6 68
6 69
6 71
6 72
6 73
6 74
7 9
7 69
7 72
8 4
8 7
8 9
8 11
8 13
8 21
8 23
8 25
8 30
8 31
8 44
8 46
8 49
8 50
8 51
8 54
8 56
8 57
8 61
8 63
8 65
8 69
8 70
8 72
10 2
10 3
10 4
10 5
10 7
10 9
10 11
10 12
10 13
10 14
10 15
10 16
10 19
10 20
10 22
10 23
10 26
10 27
10 28
10 29
10 30
10 32
10 35
10 38
10 39
10 40
10 41
10 42
10 43
10 44
10 45
10 47
10 48
10 49
10 50
10 53
10 54
10 55
10 56
10 57
10 59
10 60
10 61
10 65
10 66
10 67
10 69
10 71
10 72
10 73
10 74
11 4
11 7
11 9
11 23
11 30
11 44
11 49
11 56
11 57
11 61
11 69
11 72
12 4
12 5
12 7
12 9
12 19
12 28
12 29
12 30
12 38
12 44
12 49
12 53
12 54
12 56
12 57
12 61
12 66
12 67
12 69
12 72
12 73
13 4
13 7
13 9
13 23
13 30
13 44
13 49
13 56
13 57
13 61
13 69
13 72
14 4
14 7
14 9
14 11
14 13
14 23
14 30
14 44
14 45
14 49
14 54
14 56
14 57
14 61
14 69
14 72
14 73
15 4
15 5
15 7
15 9
15 11
15 12
15 13
15 16
15 19
15 20
15 22
15 23
15 27
15 28
15 29
15 30
15 35
15 38
15 39
15 40
15 41
15 42
15 43
15 44
15 45
15 47
15 48
15 49
15 53
15 54
15 55
15 56
15 57
15 59
15 60
15 61
15 66
15 67
15 69
15 71
15 72
15 73
15 74
16 4
16 5
16 7
16 9
16 19
16 28
16 30
16 38
16 44
16 49
16 57
16 66
16 67
16 69
16 72
16 74
17 4
17 7
17 9
17 11
17 13
17 14
17 21
17 23
17 30
17 31
17 36
17 44
17 45
17 46
17 49
17 50
17 51
17 54
17 56
17 57
17 61
17 65
17 69
17 70
17 72
17 73
18 4
18 7
18 8
18 9
18 11
18 13
18 14
18 17
18 21
18 23
18 25
18 28
18 30
18 31
18 34
18 36
18 43
18 44
18 45
18 46
18 48
18 49
18 50
18 51
18 52
18 54
18 56
18 57
18 61
18 63
18 65
18 67
18 69
18 70
18 72
18 73
19 5
19 7
19 9
19 28
19 30
19 44
19 49
19 57
19 67
19 69
19 72
20 4
20 5
20 7
20 9
20 19
20 28
20 29
20 30
20 38
20 44
20 49
20 53
20 54
20 56
20 57
20 61
20 66
20 67
20 69
20 72
20 73
21 23
21 51
21 56
21 57
21 69
21 72
22 4
22 5
22 7
22 9
22 11
22 12
22 19
22 20
22 23
22 28
22 29
22 30
22 38
22 43
22 44
22 48
22 49
22 53
22 54
22 56
22 57
22 61
22 66
22 67
22 69
22 72
22 73
24 2
24 3
24 4
24 5
24 7
24 9
24 11
24 12
24 13
24 14
24 16
24 19
24 20
24 22
24 23
24 26
24 28
24 29
24 30
24 31
24 35
24 36
24 38
24 41
24 42
24 43
24 44
24 45
24 47
24 48
24 49
24 50
24 51
24 53
24 54
24 55
24 56
24 57
24 59
24 60
24 61
24 64
24 65
24 66
24 67
24 69
24 72
24 73
24 74
25 21
25 23
25 30
25 50
25 51
25 56
25 57
25 69
25 72
26 4
26 5
26 7
26 9
26 11
26 13
26 14
26 19
26 23
26 28
26 29
26 30
26 43
26 44
26 45
26 48
26 49
26 54
26 56
26 57
26 61
26 65
26 67
26 69
26 72
26 73
27 4
27 5
27 7
27 9
27 12
27 16
27 19
27 20
27 23
27 28
27 29
27 30
27 38
27 41
27 42
27 44
27 49
27 53
27 54
27 56
27 57
27 59
27 61
27 66
27 67
27 69
27 72
27 73
27 74
29 4
29 5
29 7
29 9
29 19
29 28
29 30
29 44
29 49
29 56
29 57
29 61
29 67
29 69
29 72
29 73
30 69
30 72
31 23
31 30
31 50
31 51
31 56
31 57
31 69
31 72
32 2
32 3
32 4
32 5
32 7
32 9
32 11
32 12
32 13
32 14
32 16
32 19
32 20
32 22
32 23
32 26
32 27
32 28
32 29
32 30
32 35
32 38
32 41
32 42
32 43
32 44
32 45
32 47
32 48
32 49
32 50
32 53
32 54
32 55
32 56
32 57
32 59
32 60
32 61
32 65
32 66
32 67
32 69
32 72
32 73
32 74
33 0
33 2
33 3
33 4
33 5
33 6
33 7
33 9
33 10
33 11
33 12
33 13
33 14
33 15
33 16
33 17
33 19
33 20
33 21
33 22
33 23
33 24
33 25
33 26
33 27
33 28
33 29
33 30
33 31
33 32
33 34
33 35
33 36
33 38
33 39
33 40
33 41
33 42
33 43
33 44
33 45
33 46
33 47
33 48
33 49
33 50
33 51
33 53
33 54
33 55
33 56
33 57
33 59
33 60
33 61
33 62
33 64
33 65
33 66
33 67
33 68
33 69
33 70
33 71
33 72
33 73
33 74
34 4
34 7
34 9
34 11
34 13
34 14
34 21
34 23
34 28
34 30
34 31
34 36
34 44
34 45
34 46
34 48
34 49
34 50
34 51
34 54
34 56
34 57
34 61
34 65
34 69
34 72
34 73
35 4
35 5
35 7
35 9
35 11
35 13
35 19
35 23
35 28
35 29
35 30
35 43
35 44
35 48
35 49
35 54
35 56
35 57
35 61
35 67
35 69
35 72
35 73
36 4
36 7
36 9
36 11
36 13
36 23
36 30
36 44
36 45
36 49
36 50
36 51
36 54
36 56
36 57
36 61
36 65
36 69
36 72
38 5
38 7
38 9
38 28
38 30
38 44
38 49
38 57
38 67
38 69
38 72
39 4
39 5
39 7
39 9
39 11
39 12
39 16
39 19
39 20
39 23
39 27
39 28
39 29
39 30
39 38
39 41
39 42
39 43
39 44
39 48
39 49
39 53
39 54
39 56
39 57
39 59
39 61
39 66
39 67
39 69
39 72
39 73
39 74
40 4
40 5
40 7
40 9
40 11
40 12
40 16
40 19
40 20
40 22
40 23
40 27
40 28
40 29
40 30
40 38
40 39
40 41
40 42
40 43
40 44
40 47
40 48
40 49
40 53
40 54
40 55
40 56
40 57
40 59
40 60
40 61
40 66
40 67
40 69
40 72
40 73
40 74
41 5
41 7
41 9
41 28
41 49
41 59
41 69
41 72
42 4
42 5
42 7
42 9
42 12
42 16
42 19
42 28
42 29
42 30
42 38
42 44
42 49
42 53
42 54
42 56
42 57
42 61
42 66
42 67
42 69
42 72
42 73
42 74
43 4
43 7
43 9
43 11
43 23
43 28
43 30
43 44
43 48
43 49
43 54
43 56
43 57
43 61
43 69
43 72
43 73
44 9
44 69
44 72
45 4
45 7
45 9
45 11
45 13
45 23
45 30
45 44
45 49
45 54
45 56
45 57
45 61
45 69
45 72
46 4
46 7
46 9
46 13
46 21
46 23
46 30
46 31
46 44
46 49
46 50
46 51
46 56
46 57
46 61
46 65
46 69
46 72
47 4
47 5
47 7
47 9
47 11
47 12
47 19
47 20
47 22
47 23
47 28
47 29
47 30
47 38
47 43
47 44
47 48
47 49
47 53
47 54
47 55
47 56
47 57
47 61
47 66
47 67
47 69
47 72
47 73
47 74
48 4
48 7
48 9
48 23
48 30
48 44
48 49
48 54
48 56
48 57
48 61
48 69
48 72
48 73
49 7
49 9
49 69
49 72
50 23
50 56
50 57
50 69
50 72
51 23
51 69
51 72
53 4
53 5
53 7
53 9
53 19
53 28
53 29
53 30
53 38
53 44
53 49
53 56
53 57
53 61
53 67
53 69
53 72
53 73
54 4
54 7
54 9
54 30
54 44
54 49
54 56
54 57
54 61
54 69
54 72
55 4
55 5
55 7
55 9
55 11
55 19
55 23
55 28
55 29
55 30
55 43
55 44
55 48
55 49
55 54
55 56
55 57
55 61
55 67
55 69
55 72
55 73
56 69
56 72
57 69
57 72
58 4
58 5
58 7
58 8
58 9
58 11
58 13
58 14
58 17
58 18
58 19
58 21
58 23
58 25
58 26
58 28
58 29
58 30
58 31
58 34
58 35
58 36
58 38
58 43
58 44
58 45
58 46
58 48
58 49
58 50
58 51
58 52
58 54
58 55
58 56
58 57
58 61
58 63
58 65
58 67
58 69
58 70
58 72
58 73
59 5
59 7
59 9
59 28
59 49
59 69
59 72
60 4
60 5
60 7
60 9
60 11
60 12
60 16
60 19
60 20
60 22
60 23
60 28
60 29
60 30
60 38
60 42
60 43
60 44
60 48
60 49
60 53
60 54
60 56
60 57
60 61
60 66
60 67
60 69
60 72
60 73
60 74
61 4
61 7
61 9
61 30
61 44
61 49
61 57
61 69
61 72
62 0
62 2
62 3
62 4
62 5
62 6
62 7
62 9
62 10
62 11
62 12
62 13
62 14
62 15
62 16
62 19
62 20
62 22
62 23
62 26
62 27
62 28
62 29
62 30
62 32
62 35
62 38
62 39
62 40
62 41
62 42
62 43
62 44
62 45
62 47
62 48
62 49
62 50
62 51
62 53
62 54
62 55
62 56
62 57
62 59
62 60
62 61
62 65
62 66
62 67
62 68
62 69
62 71
62 72
62 73
62 74
63 4
63 7
63 9
63 21
63 23
63 25
63 30
63 31
63 44
63 49
63 50
63 51
63 56
63 57
63 65
63 69
63 70
63 72
64 2
64 3
64 4
64 5
64 7
64 9
64 11
64 12
64 13
64 14
64 16
64 19
64 20
64 22
64 23
64 26
64 28
64 29
64 30
64 35
64 36
64 38
64 42
64 43
64 44
64 45
64 47
64 48
64 49
64 50
64 51
64 53
64 54
64 55
64 56
64 57
64 59
64 60
64 61
64 65
64 66
64 67
64 69
64 72
64 73
64 74
65 9
65 23
65 30
65 56
65 57
65 69
65 72
66 5
66 7
66 9
66 28
66 44
66 49
66 67
66 69
66 72
67 7
67 9
67 28
67 49
67 69
67 72
68 2
68 3
68 4
68 5
68 7
68 9
68 11
68 12
68 13
68 14
68 16
68 19
68 20
68 22
68 23
68 26
68 28
68 29
68 30
68 35
68 38
68 41
68 42
68 43
68 44
68 45
68 47
68 48
68 49
68 50
68 51
68 53
68 54
68 55
68 56
68 57
68 59
68 60
68 61
68 65
68 66
68 67
68 69
68 72
68 73
68 74
70 9
70 21
70 23
70 30
70 31
70 44
70 50
70 51
70 56
70 57
70 65
70 69
70 72
71 4
71 5
71 7
71 9
71 12
71 16
71 19
71 28
71 29
71 30
71 38
71 41
71 44
71 49
71 53
71 54
71 56
71 57
71 59
71 61
71 66
71 67
71 69
71 72
71 73
71 74
73 4
73 7
73 9
73 30
73 44
73 49
73 56
73 57
73 61
73 69
73 72
74 5
74 7
74 9
74 28
74 44
74 49
74 67
74 69
74 72
