25 158
1 7
1 19
2 1
2 7
2 11
2 12
2 14
2 19
2 20
2 25
3 1
3 7
3 8
3 11
3 12
3 13
3 14
3 15
3 19
3 20
3 25
4 7
4 9
4 12
5 7
5 13
5 15
5 19
6 1
6 2
6 4
6 7
6 9
6 11
6 12
6 14
6 15
6 17
6 19
6 20
6 22
6 25
8 1
8 7
8 12
8 14
8 15
8 19
8 20
8 25
9 12
10 1
10 5
10 7
10 8
10 12
10 13
10 14
10 15
10 19
10 20
10 21
10 23
10 25
11 7
11 12
11 14
11 19
11 25
13 7
13 15
13 19
14 7
14 12
15 7
16 1
16 2
16 4
16 7
16 9
16 11
16 12
16 14
16 17
16 19
16 20
16 22
16 25
17 7
17 9
17 11
17 12
17 14
17 19
17 25
18 1
18 2
18 3
18 5
18 7
18 8
18 10
18 11
18 12
18 13
18 14
18 15
18 19
18 20
18 21
18 23
18 25
19 7
20 7
20 12
20 19
20 25
21 1
21 5
21 7
21 8
21 12
21 13
21 14
21 15
21 19
21 20
21 23
21 25
22 1
22 2
22 7
22 9
22 11
22 12
22 14
22 19
22 20
22 25
23 5
23 7
23 13
23 15
23 19
24 1
24 5
24 7
24 12
24 13
24 14
24 15
24 19
24 20
24 23
24 25
25 7
25 12
25 19
